10000 0 0 -1.29891002 0.753910005 -5.01121011e-09 4.56287008e-10 -5.01100006e-09 4.56027993e-10 -1.30673003 0.751819015 
10000 0.00872999988 0 -1.26873004 0.742218018 2.56652002e-05 7.84493022e-06 2.56641997e-05 7.84543045e-06 -1.27517998 0.734206975 
10000 0.0174499992 0 -1.1767 0.682475984 8.02068971e-05 -3.40896008e-06 8.07420001e-05 -2.99576004e-06 -1.18875003 0.681349993 
10000 0.0261799991 0 -1.03427994 0.591862977 0.000152994005 -3.10514006e-05 0.000153346002 -3.09118004e-05 -1.05787003 0.593464971 
10000 0.0349100009 0 -0.853278995 0.476612985 0.000232509003 -6.90441011e-05 0.000232735998 -6.90306988e-05 -0.890779972 0.483893991 
10000 0.0436300002 0 -0.651229978 0.350832999 0.000304535992 -0.000110366003 0.00030466399 -0.000110412999 -0.699748993 0.364461005 
10000 0.0523599982 0 -0.443057001 0.227397993 0.000355477998 -0.000148224004 0.000355528988 -0.000148292995 -0.500051022 0.247780994 
10000 0.06109 0 -0.247502998 0.119214997 0.00037465099 -0.000177459995 0.000374639989 -0.000177527007 -0.305936992 0.144430995 
10000 0.069810003 0 -0.0782848969 0.0345963985 0.000356217002 -0.000195404005 0.000356159988 -0.000195453002 -0.131601006 0.0624689013 
10000 0.0785399973 0 0.0534076989 -0.0220973007 0.00030038401 -0.000201998002 0.00030029699 -0.000202020994 0.0115329996 0.00594722014 
10000 0.0872699991 0 0.141086996 -0.0511602983 0.000213559004 -0.000199204995 0.000213455001 -0.000199194998 0.115638003 -0.0252074003 
10000 0.0959900022 0 0.183577001 -0.0569815002 0.000107332002 -0.000189878003 0.000107223001 -0.000189836996 0.177279994 -0.0347571 
10000 0.104719996 0 0.184937999 -0.0467958003 -3.59239993e-06 -0.000176482994 -3.69586996e-06 -0.000176412999 0.197712004 -0.0291143991 
10000 0.113449998 0 0.153697997 -0.0290050991 -0.000104172002 -0.000160059994 -0.000104264 -0.000159966003 0.182580993 -0.0159025993 
10000 0.122170001 0 0.101441003 -0.0114166997 -0.000181979995 -0.000139798998 -0.000182054995 -0.000139687996 0.141045004 -0.00239330996 
10000 0.130899996 0 0.0409708992 0.000245164003 -0.000229669007 -0.000113424001 -0.000229725003 -0.000113303002 0.0843913034 0.00587671995 
10000 0.139630005 0 -0.0156711992 0.00325754005 -0.000246359006 -7.83173018e-05 -0.000246396987 -7.81928029e-05 0.0243584998 0.00604208978 
10000 0.14835 0 -0.0590089001 -0.00192195002 -0.000237539003 -3.30649018e-05 -0.000237560002 -3.29424001e-05 -0.0285902992 -0.00177992997 
10000 0.157079995 0 -0.0834226012 -0.0122194001 -0.000213403997 2.10799008e-05 -0.000213410996 2.11960996e-05 -0.0667409971 -0.0148508996 
10000 0.165810004 0 -0.0876986012 -0.0230874997 -0.000185954006 7.9388803e-05 -0.000185950994 7.94959997e-05 -0.0860925987 -0.0287494995 
10000 0.174529999 0 -0.0747335032 -0.0299306996 -0.000165535006 0.000133940994 -0.000165525998 0.000134037997 -0.0866305977 -0.0386620015 
10000 0.183259994 0 -0.0504655018 -0.0294506997 -0.000157732997 0.000175145004 -0.000157721006 0.000175231005 -0.0718633011 -0.0407202989 
10000 0.191990003 0 -0.0222679991 -0.0205768999 -0.000161528995 0.000194249005 -0.000161517004 0.000194324995 -0.0477184989 -0.0330668986 
10000 0.200709999 0 0.00283488003 -0.00475098006 -0.000169374005 0.000186217003 -0.000169363993 0.000186282996 -0.0210407004 -0.0163906999 
10000 0.209439993 0 0.0197314993 0.0144921998 -0.000169346997 0.000152068998 -0.000169339997 0.000152127002 0.00198460999 0.0062004202 
10000 0.218170002 0 0.0262118001 0.032522399 -0.000148969993 9.9825098e-05 -0.000148966996 9.98750984e-05 0.0171326008 0.0299370997 
10000 0.226889998 0 0.0231704991 0.0449079983 -9.96965973e-05 4.34342001e-05 -9.96969029e-05 4.34770991e-05 0.0228794999 0.0495866984 
10000 0.235620007 0 0.0140084 0.0486413985 -2.07395005e-05 -3.65900007e-07 -2.07423e-05 -3.29475e-07 0.0204316992 0.060782399 
10000 0.244350001 0 0.00341869006 0.0429513007 7.90436025e-05 -1.66560003e-05 7.90389968e-05 -1.66252994e-05 0.0130661996 0.0611355007 
10000 0.253069997 0 -0.00409437018 0.0294726994 0.000182089003 2.77623008e-06 0.000182082993 2.80217e-06 0.00498043001 0.0508336015 
10000 0.261799991 0 -0.0055479398 0.0117309997 0.000265993993 5.57708008e-05 0.000265985989 5.57927015e-05 -2.64402006e-05 0.0325600989 
10000 0.270529985 0 -0.000295986014 -0.00590428989 0.000309507013 0.000128732005 0.000309496012 0.000128750995 0.000326198991 0.0107538998 
10000 0.279249996 0 0.00989142992 -0.0194793995 0.000299073989 0.000198962007 0.000299058011 0.000198977999 0.00618558004 -0.00958801992 
10000 0.28797999 0 0.0214873999 -0.0265513994 0.000233939005 0.000240242996 0.000233917002 0.000240256006 0.0156199001 -0.0242340006 
10000 0.296710014 0 0.0303892009 -0.0267866999 0.000128023996 0.000230453006 0.000127994004 0.000230461999 0.0253107008 -0.0307932999 
10000 0.305429995 0 0.0332496017 -0.0218880996 7.55100018e-06 0.000159182993 7.51348989e-06 0.000159186995 0.0316643007 -0.0292418003 
10000 0.314159989 0 0.0285407007 -0.014885 -9.53925992e-05 3.29694012e-05 -9.54365969e-05 3.29686991e-05 0.0319957994 -0.0217521992 
10000 0.322890013 0 0.0170219 -0.00902890973 -0.000151853004 -0.000123806007 -0.000151900997 -0.000123812002 0.0254171994 -0.0118923001 
10000 0.331609994 0 0.00147197 -0.00666206004 -0.000145069993 -0.000273273006 -0.000145118 -0.000273282989 0.0131486002 -0.0034455501 
10000 0.340339988 0 -0.0142160999 -0.00843921956 -7.6775701e-05 -0.000373057002 -7.68194004e-05 -0.000373068004 -0.00184599997 0.000778488 
10000 0.349070013 0 -0.0262726992 -0.0131619005 3.15387006e-05 -0.000387773005 3.1502299e-05 -0.000387781998 -0.0157843009 -0.000230246005 
10000 0.357789993 0 -0.0322092995 -0.0182776004 0.000143330006 -0.000299862993 0.000143301993 -0.000299865991 -0.0252547003 -0.00547312014 
10000 0.366519988 0 -0.0315130986 -0.0208652001 0.000216843997 -0.000116470997 0.000216824003 -0.000116463001 -0.0282812994 -0.0124049 
10000 0.375250012 0 -0.0256542005 -0.0187566001 0.000217463996 0.000130062996 0.000217449997 0.000130083004 -0.0249100998 -0.0179015994 
10000 0.383969992 0 -0.0174640007 -0.0113840997 0.000129513995 0.000389099005 0.000129498003 0.00038913099 -0.0171588995 -0.0193862002 
10000 0.392699987 0 -0.00999992993 -6.9517002e-05 -3.77108008e-05 0.000603706983 -3.77323995e-05 0.00060374802 -0.00823860988 -0.0157587994 
10000 0.401430011 0 -0.00551455002 0.0123985996 -0.00024943499 0.00072604802 -0.000249467004 0.000726090977 -0.00149480999 -0.00775424019 
10000 0.410149992 0 -0.00469793985 0.0227090996 -0.000453570014 0.000730406027 -0.00045361399 0.000730443979 0.000751767016 0.00233672 
10000 0.418879986 0 -0.00658182008 0.0281805992 -0.000594089972 0.000620824983 -0.000594144978 0.000620850013 -0.00204728008 0.0115130004 
10000 0.42761001 0 -0.00907767005 0.0276923999 -0.000626466004 0.000430602988 -0.000626527006 0.000430610991 -0.00854932982 0.0171553008 
10000 0.436329991 0 -0.00992961973 0.0220516007 -0.000530607009 0.000213584004 -0.00053066801 0.000213571999 -0.0160709992 0.0179696996 
10000 0.445060015 0 -0.00769970007 0.0136620002 -0.000317413011 2.95865993e-05 -0.000317466009 2.95576992e-05 -0.0216019992 0.0144362003 
10000 0.453790009 0 -0.0023930301 0.00562084001 -2.68609001e-05 -7.18969022e-05 -2.69004995e-05 -7.19356976e-05 -0.0229107998 0.00859733019 
10000 0.46250999 0 0.00452559022 0.000586965005 0.000281957997 -6.50521033e-05 0.000281935005 -6.50910006e-05 -0.0193360001 0.00326679996 
10000 0.471240014 0 0.010729 -0.000150934007 0.000546052994 4.56425005e-05 0.000546045019 4.56138005e-05 -0.0119783999 0.000953958021 
10000 0.479970008 0 0.0139963003 0.00294573 0.000714652007 0.000227288998 0.000714653987 0.000227279001 -0.00323039992 0.00291109993 
10000 0.488689989 0 0.0131571004 0.00796973985 0.000761716976 0.000428158004 0.000761720992 0.000428172003 0.00416722009 0.00866509974 
10000 0.497420013 0 0.00862096995 0.0124198003 0.000691514986 0.000592008 0.000691513997 0.00059204502 0.00817328971 0.0162119009 
10000 0.506150007 0 0.00226714998 0.0142467003 0.000536040985 0.000672928989 0.000536028005 0.000672984985 0.00819275994 0.0227981005 
10000 0.514869988 0 -0.00327022001 0.0126668001 0.000345454988 0.000646641012 0.000345426 0.00064670702 0.00523548014 0.0259847995 
10000 0.523599982 0 -0.00563534023 0.00841644034 0.000174554996 0.00051545602 0.000174511995 0.00051552098 0.00143383001 0.0245807003 
10000 0.532329977 0 -0.00368219009 0.00335753988 6.91133027e-05 0.000306111993 6.90621964e-05 0.000306167 -0.000878560008 0.0190792996 
10000 0.541050017 0 0.00207901001 -0.000386166008 5.5566401e-05 6.17139012e-05 5.55164988e-05 6.17512997e-05 -0.000150077001 0.0114345001 
10000 0.549780011 0 0.00970426016 -0.00138230005 0.000136243005 -0.00016964 0.000136204995 -0.000169623003 0.00374500989 0.00426987 
10000 0.558510005 0 0.0166127998 0.000480399991 0.000290678989 -0.000346406014 0.000290661003 -0.000346404995 0.00946376007 -0.000154673995 
10000 0.567229986 0 0.0206239 0.00395761011 0.000482013013 -0.000442616001 0.000482022006 -0.000442624994 0.0147674996 -0.000800943992 
10000 0.57595998 0 0.0207982995 0.00702214986 0.000666475971 -0.000452646986 0.000666512991 -0.000452657987 0.0174707994 0.00180793996 
10000 0.584689975 0 0.0177363008 0.00778912008 0.000803641975 -0.000391145993 0.000803702977 -0.00039115001 0.0163703002 0.00589445001 
10000 0.593410015 0 0.0132178999 0.00538248988 0.000865295005 -0.000288554991 0.000865372014 -0.00028854399 0.0117650004 0.00923881028 
10000 0.602140009 0 0.00935901981 0.000356301985 0.000841260015 -0.0001834 0.000841341971 -0.000183369993 0.00535085006 0.0101468004 
10000 0.610870004 0 0.00766373007 -0.00552038988 0.000741168973 -0.000112946 0.000741244003 -0.000112898997 -0.000464893994 0.00816186983 
10000 0.619589984 0 0.00839434005 -0.0100229997 0.00059178099 -0.000104077997 0.000591841002 -0.000104019004 -0.00354024 0.0042232601 
10000 0.628319979 0 0.0105338003 -0.0114390999 0.000430257001 -0.000166358994 0.000430295011 -0.000166295998 -0.00285421009 0.000211715 
10000 0.637049973 0 0.0123445997 -0.00931366999 0.000294611993 -0.000289026008 0.000294627011 -0.000288965995 0.00111617998 -0.00191219 
10000 0.645770013 0 0.0122566996 -0.00463856012 0.000213464999 -0.000443069992 0.000213460007 -0.000443019992 0.00664904993 -0.000997044961 
10000 0.654500008 0 0.00960270036 0.000468688988 0.000197538 -0.000587704009 0.000197519999 -0.000587669027 0.0114764003 0.00264435005 
10000 0.663230002 0 0.00528350985 0.00428518979 0.000237091997 -0.000684895029 0.000237069005 -0.000684874016 0.0140503002 0.00793735031 
10000 0.671949983 0 0.000826668984 0.00512199011 0.000302206987 -0.000703700003 0.000302183995 -0.000703690981 0.0135925999 0.0123907998 
10000 0.680679977 0 -0.00173698994 0.00313344994 0.000353665993 -0.00063646998 0.000353646989 -0.000636467012 0.0109238997 0.0142817004 
10000 0.689409971 0 -0.00111356995 -0.000404552004 0.00035427601 -0.000498045003 0.000354263 -0.000498043024 0.00771678006 0.0128071997 
10000 0.698130012 0 0.00269995001 -0.00361885992 0.000281406014 -0.000321850996 0.000281396991 -0.00032184599 0.00574903982 0.00854288042 
10000 0.706860006 0 0.00838015042 -0.00494604977 0.000134784001 -0.000148827996 0.000134777001 -0.000148819003 0.00607206021 0.00317385001 
10000 0.715579987 0 0.0138454996 -0.00386583991 -6.33984964e-05 -1.35376004e-05 -6.34059033e-05 -1.35269001e-05 0.00853172969 -0.00124638004 
10000 0.724309981 0 0.0171662997 -0.00111722003 -0.000276581006 6.75236006e-05 -0.000276589009 6.75339033e-05 0.0118525997 -0.00317483 
10000 0.733039975 0 0.0173949003 0.00169902004 -0.000467481994 0.000100792997 -0.000467487989 0.000100801 0.0142380996 -0.00220575999 
10000 0.741760015 0 0.0149315 0.00293523003 -0.000612206 0.000111444002 -0.000612207979 0.000111449001 0.0142064001 0.000824786024 
10000 0.75049001 0 0.0112627996 0.00173392997 -0.000709182001 0.000131385998 -0.000709176995 0.000131388006 0.0112808999 0.00428825989 
10000 0.759220004 0 0.00820622034 -0.00151841005 -0.000778990972 0.000184011005 -0.000778977992 0.000184015007 0.0062216199 0.00654823985 
10000 0.767939985 0 0.00702591985 -0.00534234988 -0.000854687998 0.00027190501 -0.000854670012 0.000271913013 0.000699128024 0.00671631005 
10000 0.776669979 0 0.00784503017 -0.00785124954 -0.000966140011 0.000372882991 -0.000966120977 0.000372896 -0.0034348201 0.00503590982 
10000 0.785399973 0 0.00963309035 -0.0076439702 -0.00112460996 0.000446588005 -0.00112459995 0.000446602993 -0.00494565023 0.0027286401 
10000 0.794120014 0 0.0107675996 -0.00447533978 -0.00131413003 0.000449579005 -0.00131412002 0.000449591986 -0.00372329005 0.00138639996 
10000 0.802850008 0 0.00989034027 0.000618814025 -0.00149356003 0.00035322801 -0.00149356003 0.000353231007 -0.000778009009 0.00219944003 
10000 0.811580002 0 0.00663681002 0.00580323022 -0.00160935998 0.000157261005 -0.00160935998 0.000157250004 0.00225872989 0.00537943002 
10000 0.820299983 0 0.00187693001 0.00930046011 -0.00161421997 -0.000106662003 -0.00161420996 -0.000106689004 0.00388783007 0.0100395 
10000 0.829029977 0 -0.00265508005 0.0102116 -0.00148460001 -0.000383145001 -0.00148457999 -0.000383181992 0.00340092997 0.0145782996 
10000 0.837759972 0 -0.00515891984 0.00891118962 -0.00123040995 -0.00061011198 -0.00123036001 -0.000610149 0.00115694001 0.0173860993 
10000 0.846480012 0 -0.00466809003 0.00679951021 -0.000892943994 -0.000738334027 -0.000892871991 -0.000738357019 -0.00169259997 0.0175160002 
10000 0.855210006 0 -0.00145211001 0.00561932009 -0.000532175996 -0.000746126985 -0.000532090024 -0.000746124017 -0.00371852005 0.0151004 
10000 0.863940001 0 0.00300852 0.00653542997 -0.000208343001 -0.00064401899 -0.000208258003 -0.00064398098 -0.00398688018 0.0111958999 
10000 0.872659981 0 0.00673158979 0.00956001971 3.51800991e-05 -0.000468285987 3.52452989e-05 -0.000468215992 -0.00245931 0.00728377001 
10000 0.881389976 0 0.00812404044 0.0135182003 0.000181652998 -0.000266613002 0.000181683004 -0.000266521994 -8.08875029e-06 0.00458387006 
10000 0.890120029 0 0.00673699006 0.0166583993 0.000240652007 -8.15137973e-05 0.000240634006 -8.14252999e-05 0.00205514999 0.00359063991 
10000 0.89884001 0 0.0031964099 0.0172154997 0.000239236004 5.99474006e-05 0.000239179994 6.00181993e-05 0.00237145997 0.00364809996 
10000 0.907570004 0 -0.000724942016 0.0147676002 0.000208696001 0.000153759 0.000208611993 0.000153788002 0.000588754017 0.00383882993 
10000 0.916299999 0 -0.00341771008 0.00992466044 0.000173103996 0.000211577004 0.000173017004 0.000211553997 -0.00291684992 0.00297468994 
10000 0.925019979 0 -0.00399221014 0.00431226986 0.000142877994 0.000253595004 0.000142813995 0.000253520004 -0.00700064981 0.000461416988 
10000 0.933749974 0 -0.00273505994 -0.000251057005 0.000114863004 0.000298722996 0.000114846996 0.000298611994 -0.0103230001 -0.00346108992 
10000 0.942480028 0 -0.000927936984 -0.00259186001 7.70518018e-05 0.000358090998 7.71006016e-05 0.000357968995 -0.0119366003 -0.00782187004 
10000 0.951200008 0 -0.000175064997 -0.00269232993 1.48007002e-05 0.000432876986 1.49143998e-05 0.000432775996 -0.0116651002 -0.0113616996 
10000 0.959930003 0 -0.00157337997 -0.00163352001 -8.41767978e-05 0.000515518012 -8.40130015e-05 0.000515468011 -0.0101105999 -0.0130979996 
10000 0.968659997 0 -0.00513197016 -0.00100804004 -0.000227015 0.000592191995 -0.000226828997 0.000592212018 -0.0083040297 -0.0127458004 
10000 0.977379978 0 -0.00972239021 -0.00209441991 -0.000414301991 0.000644928019 -0.000414131995 0.000645022024 -0.00717823999 -0.0108056003 
10000 0.986109972 0 -0.0135818003 -0.00519606983 -0.000638591999 0.00065324601 -0.000638473022 0.00065339898 -0.00711800996 -0.00829252042 
10000 0.994840026 0 -0.0151247 -0.00946301967 -0.00088211702 0.000596706988 -0.000882075983 0.000596887025 -0.00779320998 -0.00624436 
10000 1.00355995 0 -0.0136719001 -0.0132779004 -0.00111482001 0.000459956005 -0.00111485994 0.000460120005 -0.00834222976 -0.00524580991 
10000 1.01229 0 -0.00975232013 -0.0150151998 -0.00129525003 0.000240485999 -0.00129537005 0.000240591005 -0.00780733023 -0.00518671004 
10000 1.02102005 0 -0.00483808992 -0.0138063002 -0.00137704005 -4.3100601e-05 -0.00137719 -4.30887994e-05 -0.00561085017 -0.0053555998 
10000 1.02973998 0 -0.000649022986 -0.00994496979 -0.00132130994 -0.000346559013 -0.00132143998 -0.00034665101 -0.00185119 -0.00481205992 
10000 1.03847003 0 0.00163726998 -0.00474546012 -0.00111247995 -0.000603594002 -0.00111255003 -0.000603777007 0.00271178992 -0.00285601988 
10000 1.04719996 0 0.00189372001 7.26193975e-05 -0.000771643012 -0.000739650975 -0.000771616993 -0.000739887008 0.00696517015 0.000623327971 
10000 1.05592 0 0.00103547005 0.00317326002 -0.000360712002 -0.000693709997 -0.000360572012 -0.000693942013 0.00989692006 0.00507252989 
10000 1.06465006 0 0.000509525998 0.00419098977 2.72376001e-05 -0.000441484997 2.74761005e-05 -0.000441657001 0.0109885 0.00949465018 
10000 1.07337999 0 0.00153491995 0.00384145998 0.000291111995 -1.10921001e-05 0.000291403994 -1.11622003e-05 0.0103777004 0.0128547 
10000 1.08210003 0 0.00446039997 0.00351081998 0.000352422008 0.000516598986 0.000352706003 0.000516646018 0.00873409957 0.0144816004 
10000 1.09082997 0 0.00854554027 0.00452564005 0.000183070995 0.00102585997 0.000183284006 0.00102600001 0.00692133978 0.0142911999 
10000 1.09956002 0 0.0122683002 0.00745206 -0.000180479998 0.00139830995 -0.000180383999 0.00139850006 0.00560970977 0.0127443001 
10000 1.10827994 0 0.0139592998 0.0116932001 -0.000643540989 0.00154941005 -0.000643583015 0.00154958002 0.00495916978 0.0105154999 
10000 1.11701 0 0.0128234001 0.0159760006 -0.00107969996 0.00145637 -0.00107984 0.00145645998 0.00486108987 0.00844599959 
10000 1.12574005 0 0.00880200975 0.0183828995 -0.00136949995 0.00116683997 -0.00136969995 0.00116680004 0.00453570997 0.00666616997 
10000 1.13445997 0 0.00338118989 0.0175580997 -0.00143806997 0.000784251024 -0.00143824995 0.000784063013 0.00369559997 0.00495884009 
10000 1.14319003 0 -0.00177158997 0.0133357998 -0.00127836003 0.000434176996 -0.00127846003 0.000433876005 0.00197406998 0.00294280006 
10000 1.15191996 0 -0.00491902977 0.00657224003 -0.000951341994 0.000223383002 -0.000951307011 0.000223027993 -0.000296560989 6.82820028e-05 
10000 1.16064 0 -0.00520882988 -0.00103519997 -0.000563090027 0.000206072 -0.000562923029 0.000205735007 -0.00246723997 -0.00389934005 
10000 1.16937006 0 -0.00290359999 -0.00766756013 -0.000227198994 0.000369360991 -0.000226931006 0.000369107991 -0.00377108995 -0.00873291027 
10000 1.17809999 0 0.000813845021 -0.0120802997 -2.62915e-05 0.000642777013 -2.59850003e-05 0.000642646977 -0.00363867008 -0.0137593998 
10000 1.18682003 0 0.00441023009 -0.0140110999 1.33223002e-05 0.000927527028 1.35957998e-05 0.000927519985 -0.00193729997 -0.0180619992 
10000 1.19554996 0 0.00667739008 -0.0141377999 -7.48535022e-05 0.00113403006 -7.46739024e-05 0.00113411003 0.000959111028 -0.0207806006 
10000 1.20428002 0 0.00720953988 -0.0136308996 -0.000216105007 0.00121343997 -0.000216051994 0.00121354999 0.00428777002 -0.0213868003 
10000 1.21300006 0 0.00647968007 -0.0135235004 -0.000327095011 0.00117159996 -0.000327165006 0.00117167004 0.0071437899 -0.0198330004 
10000 1.22172999 0 0.00555288 -0.0142786996 -0.000349546986 0.00106123998 -0.000349700014 0.00106120994 0.00880527962 -0.0166155994 
10000 1.23046005 0 0.00523706991 -0.0151963998 -0.00027039001 0.000956082018 -0.000270568999 0.000955932017 0.00866783038 -0.0121919001 
10000 1.23917997 0 0.00606259983 -0.0155031001 -0.000125879 0.000919097976 -0.000126019993 0.000918835984 0.0068319398 -0.00759707019 
10000 1.24791002 0 0.00748910988 -0.0140536996 1.86998004e-05 0.00097579899 1.86445995e-05 0.000975464995 0.00350911007 -0.00340744993 
10000 1.25663996 0 0.00832132995 -0.0103479996 9.71629997e-05 0.00110473996 9.72124035e-05 0.00110439002 -0.000861474022 -5.91540993e-05 
10000 1.26536 0 0.00715993019 -0.00482005998 7.15166025e-05 0.00124731997 7.16572977e-05 0.00124700996 -0.00581162982 0.0022309199 
10000 1.27409005 0 0.00304609002 0.00118427002 -5.12047009e-05 0.00133274996 -5.10124992e-05 0.00133253005 -0.0109291999 0.00338857993 
10000 1.28281999 0 -0.00402165018 0.00580096012 -0.000220475995 0.00130796002 -0.000220286995 0.00130782998 -0.0158559997 0.00336758001 
10000 1.29154003 0 -0.0129548004 0.00746033993 -0.000361571001 0.00116067997 -0.000361431012 0.00116062001 -0.0202559996 0.00225878996 
10000 1.30026996 0 -0.0217895005 0.00523392996 -0.00040407601 0.000926213979 -0.000404018996 0.000926189008 -0.0237080995 3.18976017e-05 
10000 1.30900002 0 -0.0283431001 -0.000492581981 -0.000309922005 0.000676606025 -0.000309953 0.000676565978 -0.0257476997 -0.0030817301 
10000 1.31772006 0 -0.0309027992 -0.00820588972 -8.90419033e-05 0.000495176995 -8.91390009e-05 0.000495078973 -0.0259179994 -0.00664373022 
10000 1.32644999 0 -0.0288012996 -0.0156714004 0.000202192998 0.000446849997 0.000202070994 0.000446669001 -0.0239240993 -0.00994655024 
10000 1.33518004 0 -0.0226447005 -0.0206087995 0.00047926401 0.000554756029 0.000479164999 0.000554492988 -0.0198037997 -0.0120836003 
10000 1.34389997 0 -0.0141334003 -0.0213698 0.000657679979 0.000791385013 0.000657642027 0.000791068014 -0.0140535999 -0.0121277003 
10000 1.35263002 0 -0.00555547001 -0.0173975993 0.000681010017 0.00108703994 0.000681051984 0.00108671002 -0.00764349988 -0.00938063022 
10000 1.36135995 0 0.000861904991 -0.00933593046 0.000539236004 0.00135221996 0.000539347006 0.00135191996 -0.00189040997 -0.0036221901 
10000 1.37007999 0 0.0035312199 0.00121029001 0.000271636993 0.00150590995 0.000271783996 0.00150568003 0.00179951999 0.00472038984 
10000 1.37881005 0 0.00184816995 0.0121518997 -4.60474002e-05 0.00150042004 -4.59114017e-05 0.00150026998 0.00226569991 0.0145482002 
10000 1.38753998 0 -0.00376399001 0.0214556996 -0.000325275003 0.00133487 -0.000325194007 0.00133475999 -0.00107785 0.0242404994 
10000 1.39626002 0 -0.0120679997 0.0275874995 -0.000491151994 0.00105385005 -0.000491152983 0.00105375005 -0.00800701044 0.0319612995 
10000 1.40498996 0 -0.0213699993 0.0297589004 -0.000503423973 0.000732747023 -0.000503500982 0.000732608023 -0.0174167994 0.0360663012 
10000 1.41372001 0 -0.0298910998 0.0279702991 -0.000366149005 0.000454939989 -0.000366266991 0.000454711 -0.0274512991 0.0355211012 
10000 1.42244005 0 -0.036058899 0.022907 -0.000124191007 0.000288271985 -0.000124293001 0.000287933013 -0.0358273014 0.0302364994 
10000 1.43116999 0 -0.0386895016 0.0157765001 0.000151344997 0.000267457013 0.000151323999 0.000267027004 -0.0403003991 0.0212360993 
10000 1.43990004 0 -0.0370907001 0.00815389026 0.000383742998 0.000386717002 0.000383846986 0.000386249012 -0.0391897 0.0105978996 
10000 1.44861996 0 -0.0311437994 0.00185184996 0.000511316 0.000603655993 0.000511551974 0.000603223976 -0.0318549983 0.00115700997 
10000 1.45735002 0 -0.0214022007 -0.00122097996 0.000502752024 0.000852399971 0.000503081013 0.000852074008 -0.0190216992 -0.00400318019 
10000 1.46607995 0 -0.00920120999 0.000728261017 0.000363727013 0.00106193998 0.000364073989 0.00106176001 -0.00286144996 -0.00219173008 
10000 1.47479999 0 0.00329010002 0.00905311015 0.00013375 0.00117486995 0.000134022994 0.00117480999 0.0132224001 0.00822885986 
10000 1.48353004 0 0.0131687 0.0242497008 -0.000125595005 0.00116183003 -0.000125467006 0.00116184005 0.0251068994 0.0272972006 
10000 1.49225998 0 0.0171195008 0.0455273986 -0.000347952009 0.00102834997 -0.000348010013 0.00102830003 0.0286830999 0.0531465001 
10000 1.50098002 0 0.0120850001 0.070573099 -0.000480757008 0.000811936974 -0.000480919 0.000811755017 0.0208020993 0.082104601 
10000 1.50970995 0 -0.00411861017 0.0954971984 -0.000500053982 0.000569934025 -0.000500235998 0.000569541997 -6.05960995e-05 0.109052002 
10000 1.51844001 0 -0.0318733007 0.115349002 -0.000416952011 0.00036081401 -0.000417025993 0.000360226986 -0.0330546014 0.128333002 
10000 1.52716005 0 -0.0692868978 0.124917999 -0.000272770005 0.000224382005 -0.000272629986 0.000223697003 -0.0748336017 0.134777993 
10000 1.53588998 0 -0.112063996 0.119846001 -0.000123304999 0.000167759004 -0.000122922007 0.000167128994 -0.119842999 0.124844998 
10000 1.54462004 0 -0.153947994 0.097775802 -1.69512005e-05 0.000163411998 -1.63884997e-05 0.000163000004 -0.161148995 0.0975695997 
10000 1.55333996 0 -0.187693998 0.0592578016 2.49683999e-05 0.000161748001 2.55588002e-05 0.000161664997 -0.191698 0.0550642982 
10000 1.56207001 0 -0.206462994 0.00822427031 1.65553993e-05 0.000114547001 1.69834002e-05 0.000114809998 -0.205785006 0.00232731993 
10000 1.57079995 0 -0.201802999 -0.0545077994 -4.44642989e-10 -1.09022e-10 -4.14728002e-10 -9.33376987e-11 -0.206781 -0.0556616001 
