10000 0 0 -0.0401046015 0.0230311994 0.000256872008 -0.000147619998 0.000256872008 -0.000147619998 -0.0342317 0.0196582992 
10000 0.0174499992 0 0.00592608983 -0.000909140974 -1.02203003e-05 5.28457986e-06 -1.08998001e-05 5.77589981e-06 -0.00575697981 0.00496785017 
10000 0.0349100009 0 0.0228061993 -0.00988680031 -6.29000988e-06 5.96801001e-05 -6.54082987e-06 5.99304985e-05 -0.0170501005 0.0158552006 
10000 0.0523599982 0 0.0343298987 -0.025618 6.40430007e-05 0.000203431002 6.43410967e-05 0.000203674004 -0.0293422993 0.0243456997 
10000 0.069810003 0 0.0274149999 -0.0400316007 0.000211559993 0.000363558007 0.000211292005 0.000368334004 -0.0354421996 0.0237284992 
10000 0.0872699991 0 0.00658011995 -0.0400274992 0.000313845987 0.000388268993 0.000315487006 0.000388312008 -0.0310085993 0.0133605003 
10000 0.104719996 0 -0.00837063044 -0.0202655997 0.000149205007 0.000178571005 0.000141262004 0.000192884996 -0.0161902998 -0.00183328998 
10000 0.122170001 0 -8.67280978e-05 0.00200132001 -0.00038305801 -2.79437008e-05 -0.000411960005 -2.68932999e-05 0.0033481901 -0.0153930001 
10000 0.139630005 0 0.0207589008 0.00226107007 -0.00104629004 2.73251007e-05 -0.00103706995 1.34771999e-05 0.0183917992 -0.0225505009 
10000 0.157079995 0 0.0239984002 -0.015997 -0.00117402 0.000154654001 -0.00121576001 0.000239293004 0.0221599992 -0.0207947996 
10000 0.174529999 0 0.00674444018 -0.0206950009 -0.000765028992 0.000172863001 -0.000866377028 0.000224439995 0.0125970002 -0.0115321996 
10000 0.191990003 0 0.00185438001 -0.00435196003 -0.000429846987 -2.36166998e-05 -0.000517031993 -8.85008994e-05 -0.00252449 0.000232253995 
10000 0.209439993 0 0.0179130007 -0.00265137991 -0.000431107997 -7.51137995e-05 -0.000434860995 -0.000161399003 -0.0166664999 0.00888112001 
10000 0.226889998 0 0.0172108002 -0.0206042007 -0.000294624013 0.000185199999 -0.000215588007 0.000150531996 -0.0215191003 0.0111394003 
10000 0.244350001 0 -0.000492450024 -0.0195384994 0.000147775994 0.000340150989 0.000107401 0.000160468 -0.0140707996 0.00547841005 
10000 0.261799991 0 0.000704005011 -0.00661998987 1.96313995e-05 1.51089998e-05 -3.76848984e-05 9.19333033e-05 -0.00155428995 -0.00328521011 
10000 0.279249996 0 0.0043836101 -0.0162848998 -0.000307406997 0.000599754974 -0.000340291008 0.000347702997 0.00701829977 -0.0103535 
10000 0.296710014 0 -0.0166807994 -0.0141711999 -0.000218292 0.000430582004 -0.000122087993 0.000554109982 0.0159463994 -0.00764911994 
10000 0.314159989 0 -0.010729 0.00860526972 -0.000209122998 0.000183605996 5.28722994e-05 0.00025313301 0.0197308995 -0.00673455978 
10000 0.331609994 0 0.00550364004 -0.00165736 -1.16088004e-05 0.000400730991 9.54187999e-05 0.000269838987 0.00802669022 -0.00177738001 
10000 0.349070013 0 -0.0089835003 -0.00404339982 0.000450044987 0.000206666999 0.000508952013 0.000261657988 -0.00464183977 0.00587360002 
10000 0.366519988 0 0.00214618002 0.00961370021 0.000699402008 0.000260141998 0.000596226018 4.98795998e-05 -0.0142256999 0.00625484996 
10000 0.383969992 0 0.00659938017 -0.00606122985 0.000640784972 0.00036899501 0.000594635028 0.000249117002 -0.0167456996 0.00849140994 
10000 0.401430011 0 -0.00337836007 0.000604759029 0.000731012027 0.000155468995 0.000670852023 0.000111437999 -0.00551992003 0.00425809016 
10000 0.418879986 0 0.0115069998 0.00104765 5.47374984e-05 0.000212815998 0.000124611004 6.83097023e-05 -0.000443984987 -0.00628984021 
10000 0.436329991 0 -0.00402717013 -0.00620314013 -0.000101552003 0.000248571014 -6.04095985e-05 0.000293296995 0.00888803974 -0.0027842999 
10000 0.453790009 0 -0.000548455981 0.00741021987 -0.000268439006 0.000108826003 -0.000327118993 6.74468029e-05 0.0180533994 -0.00719323009 
10000 0.471240014 0 -0.00572576001 -0.00177702005 -0.000404671999 0.000423502002 -0.000570309989 0.000195329994 0.00858793035 -0.00588848023 
10000 0.488689989 0 -0.00709915999 0.0118295001 -0.000499595015 0.000267008989 -0.000479148992 7.40290998e-05 0.00885174982 -0.000714697002 
10000 0.506150007 0 0.000684374012 -0.00335628004 -0.000441092008 8.55325998e-05 -0.000450143998 0.000132040004 -0.00658013998 0.00506500993 
10000 0.523599982 0 -0.00497432984 0.00623041019 -0.000268092001 4.3403601e-05 -0.000181847994 -3.19169999e-06 -0.0102580003 0.00430592988 
10000 0.541050017 0 0.00796801969 -0.00508699985 2.22777999e-05 -5.35050003e-06 -0.000184404998 7.52330016e-05 -0.0135041 0.00725030992 
10000 0.558510005 0 -0.00358817005 0.00328379008 -0.000412438007 -5.87411996e-05 0.000113358998 -5.23138988e-05 -0.00293503003 0.00539543992 
10000 0.57595998 0 0.00903717987 -0.00581932021 -0.000140857999 -2.38301e-05 -0.000101029997 -9.44904023e-05 -0.00695936987 -0.00332610006 
10000 0.593410015 0 -0.00384346 0.0021774699 5.92951983e-05 -0.000237357002 9.19123995e-05 -0.000190538005 0.0108773997 -0.00476420997 
10000 0.610870004 0 0.00496661011 -0.00363304 -0.000369985995 -0.000227565004 -0.000159424002 -0.000355652999 0.00971696991 -0.0115692001 
10000 0.628319979 0 -0.00752518978 0.00651788991 0.000283741014 -0.000377590011 -3.71114984e-05 -0.000456932001 0.0147992996 0.00105024001 
10000 0.645770013 0 -0.00647797016 -0.00313797989 -0.000175148001 -0.000684179016 -0.000143789002 -0.000569371972 0.00277811009 -0.00380815007 
10000 0.663230002 0 -0.00690142997 0.00651519001 0.000161586999 -0.000613366021 -3.23644017e-05 -0.000653441006 0.00501416018 0.00424872013 
10000 0.680679977 0 -0.00769163994 -0.000358919991 0.000134760005 -0.000638151017 2.47298995e-05 -0.000564505986 -0.0110721998 0.00344269001 
10000 0.698130012 0 0.00424135011 0.00394211989 -6.23564993e-05 -0.000538189022 6.32830997e-05 -0.000573596975 -0.0103748003 0.00544431014 
10000 0.715579987 0 -0.00346469996 -0.0047882502 0.000218560002 -0.000462483004 0.000216490007 -0.000297654013 -0.00974323973 0.0147235999 
10000 0.733039975 0 0.00953868032 -0.00527194003 0.000225010997 -0.000222759001 9.66326988e-05 -0.000194948007 -0.00475490978 -0.0025472499 
10000 0.75049001 0 0.00265888008 0.00281710993 -6.9877402e-05 9.06427013e-05 0.000285309012 7.88999969e-05 0.00110230001 0.00100577006 
10000 0.767939985 0 0.00884220004 -0.0110083995 -7.3822499e-05 0.000252163009 7.56894005e-05 0.000289922988 0.00038171999 -0.00744390022 
10000 0.785399973 0 0.00311752991 0.00529580005 3.59730002e-05 0.00037888001 0.000229886995 0.000383180013 0.0144538004 -0.00772701018 
