10000 0 0 -0.00312108011 -0.00261923997 -2.07151006e-05 0.000208858997 -2.07149005e-05 0.000208858997 0.00344161992 0.00301175006 
10000 0.00872999988 0 -0.0034374299 -0.00215448998 -0.000859361026 -0.000111588 -0.000858499028 -0.000110250003 0.00392850023 0.00252682995 
10000 0.0174499992 0 -0.0030344401 -0.000749084982 -0.00131098996 0.000287378993 -0.00130988995 0.000288356998 0.00510601979 0.00298411003 
10000 0.0261799991 0 -0.00390056008 -0.000836615975 -0.00157743995 0.000667099026 -0.00157625997 0.00066771399 0.00527238008 0.00232621003 
10000 0.0349100009 0 -0.00249756989 -0.00104898994 -0.00173402997 0.00105920003 -0.00173283997 0.00105963997 0.00393065996 0.00163194002 
10000 0.0436300002 0 -0.00209488999 -0.000796163979 -0.00181448006 0.00130590005 -0.00181337004 0.00130626 0.00452593993 0.00028779899 
10000 0.0523599982 0 -0.00268269004 0.000247354008 -0.00197164994 0.00141390995 -0.00197071 0.00141410006 0.00501416018 0.00105609 
10000 0.06109 0 -0.00196976005 -0.00177225005 -0.00201924006 0.00150418002 -0.00201837998 0.00150421995 0.00483821984 0.000877932005 
10000 0.069810003 0 -0.00124758994 -0.000233536994 -0.0021448601 0.00151245994 -0.00214400003 0.00151234004 0.00327110989 0.000696433999 
10000 0.0785399973 0 -0.000773490989 0.000165973004 -0.00231232005 0.00154640002 -0.00231143995 0.00154624996 0.00373960007 -0.000782234012 
10000 0.0872699991 0 -0.00116339 0.00144648005 -0.00251333998 0.00142063003 -0.00251240004 0.00142048998 0.00461274013 -0.000181469994 
10000 0.0959900022 0 -0.000346470013 0.000581529981 -0.00272033992 0.00121260004 -0.00271929009 0.00121219002 0.00384131004 0.000564517977 
10000 0.104719996 0 -0.000274755002 -0.000180781004 -0.00290820003 0.00084543199 -0.00290708989 0.000845306029 0.00378785003 0.000467230013 
10000 0.113449998 0 -0.000422076002 0.00251212995 -0.00304489001 0.00049054902 -0.00304379989 0.000490505015 0.00290884008 -0.000288093986 
10000 0.122170001 0 -0.000405063009 0.00307160988 -0.00313251 1.67298003e-06 -0.00313135004 1.85056001e-06 0.0041401498 -0.00121747004 
10000 0.130899996 0 -0.00133492996 0.00279366993 -0.00301963999 -0.000496866007 -0.0030185401 -0.000496434979 0.00453231996 0.000275500002 
10000 0.139630005 0 -0.000757185975 0.00114006002 -0.00291192997 -0.00104263995 -0.00291114999 -0.00104193995 0.00485725002 0.000302509987 
10000 0.14835 0 -0.000461196993 0.00318321004 -0.00268422998 -0.00154723995 -0.00268354011 -0.00154643995 0.0037507501 0.000489909027 
10000 0.157079995 0 -0.000994523056 0.00332148001 -0.00224024989 -0.00189207005 -0.00223955 -0.00189117005 0.00455291988 -0.000198365 
10000 0.165810004 0 -0.00259997998 0.00414538989 -0.00174809003 -0.00226033991 -0.00174751994 -0.00225932989 0.00565499021 0.00131731003 
10000 0.174529999 0 -0.0038675901 0.00285922992 -0.00117287994 -0.00245936005 -0.00117256003 -0.00245822989 0.00468230993 0.00266532996 
10000 0.183259994 0 -0.00471878983 0.00244502001 -0.000517302018 -0.00259576994 -0.000517187 -0.00259460998 0.00469452003 0.00355597003 
10000 0.191990003 0 -0.00434265984 0.00162616 0.000137019 -0.00251119002 0.000136827002 -0.00251002004 0.00426605018 0.00324271992 
10000 0.200709999 0 -0.00519161997 0.00176764 0.000739176001 -0.00227896008 0.000738781004 -0.00227783993 0.00407146988 0.00527701993 
10000 0.209439993 0 -0.0063092499 -4.08790002e-05 0.00125733996 -0.00188385998 0.00125676999 -0.00188287999 0.00187618996 0.00610203994 
10000 0.218170002 0 -0.00646205014 -0.00190717995 0.00159311004 -0.00135727006 0.00159241003 -0.00135657005 0.00100747996 0.00550433015 
10000 0.226889998 0 -0.00433585979 -0.00179850997 0.00175110996 -0.000776630011 0.00175037002 -0.000776159985 0.000654831005 0.00639689015 
10000 0.235620007 0 -0.00452991994 -0.00298508001 0.00165432994 -0.000221102993 0.00165360002 -0.000220859001 -0.000572689984 0.00589025998 
10000 0.244350001 0 -0.00519351009 -0.00532143982 0.00141321996 0.000220482005 0.00141253998 0.000220536007 -0.00239627995 0.00611048006 
10000 0.253069997 0 -0.00320654991 -0.00488742022 0.00105433003 0.000581534987 0.00105372001 0.000581474975 -0.00350934989 0.00419565989 
10000 0.261799991 0 -0.00198260997 -0.00415673014 0.000626939989 0.000733316992 0.00062648399 0.000733179972 -0.00256308005 0.00298486999 
10000 0.270529985 0 0.000285035989 -0.00286291004 0.000187604994 0.000733901979 0.000187337995 0.000733670022 -0.00204340997 0.00186352001 
10000 0.279249996 0 3.33493008e-05 -0.00479929009 -0.000140328993 0.000618616992 -0.000140566 0.000618471007 -0.000534612976 0.0022209601 
10000 0.28797999 0 -0.000421675009 -0.00263089989 -0.000319918996 0.000426924002 -0.000320091989 0.000426835002 -0.00036002 0.00276427995 
10000 0.296710014 0 -0.00162067998 -0.00319596007 -0.000361787999 0.000228032004 -0.000361932995 0.000228007993 -1.24028002e-05 0.00193495001 
10000 0.305429995 0 -0.00293149007 -0.000106740998 -0.000297561986 5.75751001e-05 -0.000297707011 5.76066013e-05 0.00176211004 0.00204240996 
10000 0.314159989 0 -0.00289102993 -0.000964928011 -0.000267141004 7.37457003e-06 -0.000267383992 7.43730016e-06 0.00190864003 0.00355751999 
10000 0.322890013 0 -0.0027713601 -0.00262446003 -0.000106587002 6.78163997e-05 -0.000106788997 6.79602017e-05 0.00160852994 0.00377037004 
10000 0.331609994 0 -0.00303211994 -0.00269864011 -1.33139997e-06 0.000112196001 -1.51856e-06 0.000112333 -0.000443238998 0.00396448001 
10000 0.340339988 0 -0.00123708998 -0.00162046996 6.7689798e-05 0.000161213 6.75289994e-05 0.000161342003 -0.00110255997 0.00226778002 
10000 0.349070013 0 -0.000950553978 -0.00187663001 0.000121769001 0.000166475002 0.000121637 0.000166578 -0.000138688003 0.00160149997 
10000 0.357789993 0 -1.78129994e-05 -0.00195267005 0.000137926007 0.000165032994 0.000137815005 0.000165118996 4.52872991e-05 0.000808504003 
10000 0.366519988 0 -0.00145748002 -0.00284511992 0.000125767998 0.000176168993 0.000125681006 0.000176226997 0.000212988001 0.000405130006 
10000 0.375250012 0 -0.00169594004 0.00138976995 9.92669011e-05 0.000174531 9.91900015e-05 0.000174572997 0.00220125006 -0.000275967002 
10000 0.383969992 0 -0.000427922991 0.00162964 4.74180015e-05 0.000160714 4.73666005e-05 0.000160739 0.00302306004 0.000855587015 
10000 0.392699987 0 -0.00150393997 0.000178501999 -1.23897998e-05 0.000148666004 -1.24097996e-05 0.000148691994 0.00319116004 0.000669824018 
10000 0.401430011 0 -0.00316621992 -0.000459534989 -6.22912994e-05 0.000117335003 -6.22876032e-05 0.000117381998 0.00132954004 0.00112020003 
10000 0.410149992 0 -0.000669794972 0.000533578976 -8.1153099e-05 4.83393014e-05 -8.11540012e-05 4.84090015e-05 0.00118998997 -0.000696222007 
10000 0.418879986 0 0.00155479996 -2.17989e-05 -3.1420499e-05 -1.27389003e-05 -3.14132012e-05 -1.26658997e-05 0.000386839994 -0.00105585996 
10000 0.42761001 0 0.000901745982 -0.0020647801 0.000118032003 1.14330996e-05 0.000118001 1.14617997e-05 0.000987692038 0.000166475002 
10000 0.436329991 0 1.79844992e-05 -0.00350017007 0.000101168996 -5.71394012e-05 0.000101154998 -5.70990996e-05 0.000927338027 0.00128743995 
10000 0.445060015 0 0.000451842003 -0.000182022995 0.00012533 1.77342008e-05 0.000125311999 1.77416005e-05 0.000340547005 0.00135696004 
10000 0.453790009 0 -0.00167400995 0.000101283003 4.77631002e-05 7.05482016e-05 4.77590002e-05 7.05253988e-05 0.000814645027 0.000323279004 
10000 0.46250999 0 -0.00246929005 0.00170134997 -7.07255967e-05 2.97814004e-05 -7.07069994e-05 2.97493007e-05 0.00194661005 0.000163153003 
10000 0.471240014 0 -0.00117149996 -0.000414906011 -0.000173481996 -3.44922009e-05 -0.000173503999 -3.44649998e-05 0.00154372002 0.00102067005 
10000 0.479970008 0 -0.000522946008 -0.0026785701 -0.000109337998 -0.000104926999 -0.000109380002 -0.000104854997 -0.000115501003 0.00105301 
10000 0.488689989 0 -0.000471095991 -0.0023904799 1.76894991e-05 -3.03704001e-05 1.76050999e-05 -3.02943008e-05 -0.000989626977 0.000169147999 
10000 0.497420013 0 0.00124859996 -0.000756937021 0.000113132999 0.000121044999 0.000113044996 0.000121094999 0.000269554002 -0.000205520002 
10000 0.506150007 0 -0.000156708003 0.000570346019 7.78070971e-05 0.000289068994 7.77681998e-05 0.000289093994 0.00187398004 0.000629963994 
10000 0.514869988 0 -0.00156576 -0.000767106016 -3.51872986e-05 0.000276662002 -3.51579984e-05 0.000276670005 0.00107720005 0.000621770974 
10000 0.523599982 0 -0.00248550996 -0.00129467004 -8.57304985e-05 4.51416017e-05 -8.56521001e-05 4.51872984e-05 -0.000242944006 -0.000781133014 
10000 0.532329977 0 -0.00171156996 -0.000112781003 2.12813993e-05 -0.000253770995 2.13455005e-05 -0.000253706996 -0.00076173502 -0.00178696006 
10000 0.541050017 0 0.00292719994 -0.000327596004 0.000210814993 -0.000361895014 0.000210786995 -0.000361854996 -0.000403696002 -0.00091105199 
10000 0.549780011 0 0.00125036004 -0.00134097005 0.000267382013 -0.000166924001 0.000267280993 -0.000166953003 1.71979991e-05 0.000844969007 
10000 0.558510005 0 0.000867408002 -0.00188432005 7.16470022e-05 0.000124308994 7.15425995e-05 0.000124223006 0.000287361996 0.00151693996 
10000 0.567229986 0 -0.00276677008 -0.000517570996 -0.000277293992 0.000176361995 -0.000277317013 0.000176349 0.000494891021 0.000753442 
10000 0.57595998 0 -0.00263322005 0.00118031004 -0.000324747991 5.69209005e-05 -0.000324735011 5.69504009e-05 0.00150768994 -0.00110097998 
10000 0.584689975 0 0.000499974005 -0.00131402002 -0.000128882995 -0.000242210997 -0.000128881002 -0.000242098002 0.000167186998 -0.00122204004 
10000 0.593410015 0 0.00336901005 -0.0031969999 0.000205051998 -0.00028651001 0.000204990007 -0.000286413997 0.000927658984 -0.000777370995 
10000 0.602140009 0 0.00235977001 -0.00265608006 0.000238528999 -4.51894994e-05 0.000238413006 -4.51878004e-05 0.00196826993 0.00025560701 
10000 0.610870004 0 0.000356770004 -0.00157303002 -0.000151119006 0.000279547006 -0.000151176995 0.000279461994 0.00102918001 -0.000403090002 
10000 0.619589984 0 -0.00219313009 0.00141874002 -0.000621094019 0.000251135003 -0.000621051993 0.000251132005 0.000999026 -0.00191895 
10000 0.628319979 0 -0.00181766006 -0.00302615995 -0.000731608015 -8.25719981e-05 -0.000731558015 -8.23946029e-05 -5.69069998e-05 -0.0024773099 
10000 0.637049973 0 0.00207976997 -0.00268752989 7.79839975e-05 -0.000400468009 7.79445982e-05 -0.000400155986 0.000545979012 -0.00202759006 
10000 0.645770013 0 0.00306505989 -0.00282138004 0.000890825002 -0.000190638006 0.000890664989 -0.000190470993 0.000281376007 -0.000748525024 
10000 0.654500008 0 0.00106213999 0.00217977003 0.00111632003 0.000413145986 0.00111617998 0.000413041009 0.000960366975 0.000649566005 
10000 0.663230002 0 -0.0039039799 0.00497645978 0.000580222986 0.000830703008 0.000580233987 0.000830431003 0.00163205003 0.00128055003 
10000 0.671949983 0 -0.00477549015 0.00252073002 -0.000190535997 0.000627748028 -0.000190332998 0.000627456 -7.67132042e-06 0.0035016099 
10000 0.680679977 0 -0.00151495996 0.000485878991 -0.000526393007 9.64570972e-06 -0.000526132993 9.48368961e-06 -0.00249514007 0.00421269983 
10000 0.689409971 0 -0.000339496997 0.000196651003 -0.00029955199 -0.000506442972 -0.000299398991 -0.000506501005 -0.0040615499 0.00336764008 
10000 0.698130012 0 0.000618503022 0.000835257 -6.76573036e-05 -0.000445935992 -6.76127966e-05 -0.000446002989 -0.00175897998 0.00118698995 
10000 0.706860006 0 -0.000150324006 0.00169116003 -5.36529005e-05 -0.000184744 -5.36527004e-05 -0.000184803997 0.000415782008 0.000726359023 
10000 0.715579987 0 0.000111501999 -0.000920331979 -0.000141298005 0.000109881003 -0.000141319993 0.00010985 5.09714009e-05 0.00136351003 
10000 0.724309981 0 0.00243314006 -0.000113192997 -6.49991998e-05 0.000122878002 -6.49873982e-05 0.000122881 0.000149542 0.00199353998 
10000 0.733039975 0 -0.00161861 -0.000747889979 6.44889005e-05 5.42121015e-05 6.45248001e-05 5.42070011e-05 -8.64961985e-05 -0.000165933001 
10000 0.741760015 0 -0.00224508997 0.00290688011 7.48720995e-05 -6.74245985e-06 7.49121027e-05 -6.77575008e-06 0.000863464025 -0.00110571994 
10000 0.75049001 0 -0.00138705003 -0.00212165993 -2.36963006e-05 -6.2728097e-05 -2.36658998e-05 -6.27561021e-05 0.000696821022 -2.44618004e-05 
10000 0.759220004 0 0.00116989005 -0.00138403999 -4.74951012e-05 -0.000103607999 -4.74828012e-05 -0.000103616003 -0.000326359004 0.000961236015 
10000 0.767939985 0 0.00221956009 -0.000420213997 9.12265023e-06 -4.95601998e-05 9.10977997e-06 -4.95796012e-05 -0.000554235012 -1.53053006e-05 
10000 0.776669979 0 -0.00214433996 -0.000885066984 8.23998016e-06 5.77173996e-05 8.23714981e-06 5.76931016e-05 0.00110861997 -0.000603137014 
10000 0.785399973 0 -0.00222019991 -0.00142591004 -1.96389992e-05 9.21986975e-06 -1.96310993e-05 9.2124501e-06 0.000150687003 -5.35856998e-05 
10000 0.794120014 0 0.00353112002 -0.00255226996 1.32925998e-05 4.33176001e-06 1.32783998e-05 4.3202399e-06 -0.00188143004 0.00243693008 
10000 0.802850008 0 0.00377918989 0.00107928005 2.23073002e-05 1.77339996e-06 2.23098996e-05 1.76745004e-06 -0.00207089004 0.000324527005 
10000 0.811580002 0 -0.00256745005 0.00323479995 2.26624998e-05 0.000113602997 2.26676002e-05 0.000113583003 0.00192070997 -0.00336476997 
10000 0.820299983 0 -0.00194384996 0.00168546999 -1.73565004e-05 1.47430001e-05 -1.73345998e-05 1.47221999e-05 0.00291177002 -0.00232310011 
10000 0.829029977 0 0.00187422999 -0.00171244005 -3.98166012e-05 -0.000114301998 -3.98078009e-05 -0.000114287002 0.000286478986 0.00126663002 
10000 0.837759972 0 0.00036102999 -0.00177513994 1.20942004e-05 -5.16711007e-05 1.20836003e-05 -5.16658984e-05 -0.00229441002 0.000164860001 
10000 0.846480012 0 -0.00213066 0.00242113997 -4.86397003e-05 0.000193109998 -4.86516001e-05 0.000193115993 0.000418243988 0.000631024013 
10000 0.855210006 0 -0.00172207004 0.00219738996 3.89423003e-05 6.06821995e-05 3.90025016e-05 6.06752983e-05 -0.000604784989 -0.00105091999 
10000 0.863940001 0 0.00138575002 -0.000755704008 8.67336985e-06 -4.97348992e-05 8.71445991e-06 -4.97131987e-05 0.000811655016 0.00170737004 
10000 0.872659981 0 0.00428442005 -0.000466291996 0.000188395003 -5.72198005e-05 0.000188393999 -5.72403987e-05 0.000124590006 0.000142853998 
10000 0.881389976 0 -0.00109228003 0.00234328001 0.000118978001 7.13682994e-06 0.000118983 7.05986986e-06 0.000865056005 -0.00394137017 
10000 0.890120029 0 0.00246992009 -0.000748489983 -0.000275989005 -5.31033002e-05 -0.000275983999 -5.31514015e-05 0.000778204005 -0.0026658799 
10000 0.89884001 0 0.00257797004 -0.00543311983 -0.000207852994 -3.30676994e-05 -0.000207865 -3.30039002e-05 -0.00115274999 0.00169340998 
10000 0.907570004 0 0.000265518989 0.000433347013 0.000354001997 0.000123413003 0.000353993993 0.000123438993 -0.00166936999 0.00011185 
10000 0.916299999 0 0.00413797004 0.00218110997 0.000386258995 0.000151863002 0.000386280997 0.000151743996 -0.00318275997 -0.00463907979 
10000 0.925019979 0 0.00598799018 -0.00163133 -0.000416399998 -0.000128750995 -0.000416355004 -0.000128861997 -0.00450022984 -0.00304392003 
10000 0.933749974 0 -0.000668462017 -0.000401697005 -0.000946697022 -0.000322294014 -0.000946684973 -0.000322214997 0.00310870004 0.00541510992 
10000 0.942480028 0 -0.0173944999 0.00167741999 -0.000265968003 -0.000115675997 -0.00026603599 -0.000115477997 0.0136844004 0.00830432959 
10000 0.951200008 0 -0.0160566997 -0.00128233002 0.000591080985 9.18204969e-05 0.000591016025 9.19415033e-05 0.0127536999 0.00574551988 
10000 0.959930003 0 -0.00203674007 -0.00471680984 0.000435522001 9.68638997e-05 0.000435491995 9.6877302e-05 0.00175315002 0.00400339998 
10000 0.968659997 0 0.00208597002 0.000120033001 -4.69463012e-05 8.55789986e-05 -4.69469996e-05 8.55800972e-05 -0.000431599008 0.00212385994 
10000 0.977379978 0 -0.00735897012 0.00365909003 -7.13463014e-05 6.42852974e-05 -7.13546033e-05 6.42821979e-05 0.00491817016 -0.00186244003 
10000 0.986109972 0 -0.00322686997 -0.00174033002 4.66642014e-05 -2.09644004e-05 4.6658799e-05 -2.09450009e-05 0.00232914998 -0.000658900011 
10000 0.994840026 0 0.00489947014 -0.00393440994 1.94936001e-05 -5.39957982e-05 1.95142002e-05 -5.39573994e-05 -0.00344442995 0.00274940999 
10000 1.00355995 0 -0.000717929972 0.00207450008 4.21795012e-05 6.33803984e-06 4.21828991e-05 6.33405989e-06 0.000974050025 0.000381204998 
10000 1.01229 0 -0.00615713978 0.00212814007 3.19735009e-05 3.44545988e-05 3.19538012e-05 3.44239998e-05 0.00448188977 -0.00325747998 
10000 1.02102005 0 0.00168939005 -0.00403715996 -8.41766014e-05 2.0442501e-06 -8.41747024e-05 2.08473011e-06 -0.000893045973 0.00106299005 
10000 1.02973998 0 0.00376094994 -0.000868616975 -3.61952007e-05 -1.58887997e-05 -3.61761995e-05 -1.58482999e-05 -0.00128254003 0.00283482997 
10000 1.03847003 0 -0.00477263983 0.00387652009 0.000102767997 -1.60045001e-05 0.000102753002 -1.60616e-05 0.00353092002 -0.00272551994 
10000 1.04719996 0 -0.000570373028 -0.00216114009 -1.64787998e-05 -1.51488002e-05 -1.65045003e-05 -1.51484001e-05 0.000320107007 -0.00173950999 
10000 1.05592 0 0.00466819014 -0.00397301 -0.000102906 3.55468983e-05 -0.000102883001 3.5646699e-05 -0.00296276994 0.00348417996 
10000 1.06465006 0 -0.00285327993 0.00388600002 0.000102327002 4.21112018e-05 0.000102331003 4.20635006e-05 0.00225224998 -0.000778097019 
10000 1.07337999 0 -0.00351126003 0.00194250001 9.41570033e-05 -2.16808003e-05 9.41321996e-05 -2.17711004e-05 0.00254644011 -0.00463639991 
10000 1.08210003 0 0.00357076991 -0.00525920978 -0.000131680994 -3.16244987e-05 -0.000131640001 -3.14477984e-05 -0.00272294995 0.00170902 
10000 1.09082997 0 0.000175296998 0.000263833994 -6.56563998e-06 4.00634999e-05 -6.4975502e-06 4.00475001e-05 0.000971081026 0.00239899009 
10000 1.09956002 0 -0.00574481022 0.00373888994 0.000116427997 -1.90306e-05 0.000116397001 -1.91404997e-05 0.00402458012 -0.00392206013 
10000 1.10827994 0 0.00430019991 -0.00448385021 -0.000105694999 -3.68367982e-05 -0.000105669998 -3.67817993e-05 -0.00278034993 -0.000395070005 
10000 1.11701 0 0.00351538998 -0.00203936989 -5.32964004e-05 3.97590993e-05 -5.33007988e-05 3.98189986e-05 -0.00230971002 0.00330501003 
10000 1.12574005 0 -0.00667423988 0.00525437016 0.000208287005 6.26663968e-05 0.000208266007 6.26003966e-05 0.00445317989 -0.0031818701 
10000 1.13445997 0 0.00110093004 -0.00225940999 -8.58534986e-05 -2.21714999e-05 -8.58385029e-05 -2.21892005e-05 -0.000452209002 -0.00248900009 
10000 1.14319003 0 0.00651009986 -0.00503227999 -0.000321375992 -5.26643016e-05 -0.000321369007 -5.25977994e-05 -0.00410970999 0.00326572009 
10000 1.15191996 0 -0.0053222999 0.00457793986 0.000292949 3.02911994e-05 0.000292932993 3.03067009e-05 0.00320527004 -0.00248482008 
10000 1.16064 0 -0.00201421999 0.00260643009 0.000624591019 4.35775e-05 0.000624598004 4.35151996e-05 0.00153625 -0.00336033991 
10000 1.16937006 0 0.00737409014 -0.00250625005 -7.1107097e-05 1.64234996e-06 -7.10934983e-05 1.55991995e-06 -0.00453739008 0.00718782982 
10000 1.17809999 0 -0.00341026997 0.0058639599 -0.000493486004 -9.48153956e-06 -0.000493492989 -9.51897982e-06 0.00157951994 0.00379808992 
10000 1.18682003 0 -0.00524926977 0.00246956991 -7.94044026e-05 -5.61032994e-06 -7.93981017e-05 -5.59804994e-06 0.00275309989 -0.0055848402 
10000 1.19554996 0 0.00805551 -0.00647921022 0.000142303004 -3.02532007e-05 0.000142311997 -3.02450007e-05 -0.00422248989 0.00149812002 
10000 1.20428002 0 -0.00102892995 0.00274349004 -4.62290991e-05 -1.41634e-05 -4.62308017e-05 -1.41817e-05 0.000892328972 0.0040186001 
10000 1.21300006 0 -0.00863354001 0.00366347004 -4.13849993e-05 2.03282998e-05 -4.14103015e-05 2.03385007e-05 0.00446062023 -0.0044032 
10000 1.22172999 0 0.00701380009 -0.00708919019 1.10901001e-05 1.06501002e-05 1.11017998e-05 1.06499001e-05 -0.00354822003 0.000113282003 
10000 1.23046005 0 0.00273701991 0.00202975003 -3.74867996e-05 -3.81848986e-06 -3.74916999e-05 -3.8129001e-06 -0.00102342002 0.00378573011 
10000 1.23917997 0 -0.00928186998 0.00585953007 3.94768995e-06 4.96343e-06 3.93572009e-06 4.96987013e-06 0.00399548979 -0.00436821021 
10000 1.24791002 0 0.00670171017 -0.00800566003 3.59197002e-05 -1.75609002e-05 3.59275982e-05 -1.75601999e-05 -0.00415955018 -0.000451858999 
10000 1.25663996 0 0.00608146982 -0.000212033003 -3.72265004e-06 -2.88977008e-05 -3.72682007e-06 -2.89001e-05 -0.00239569996 0.00505032996 
10000 1.26536 0 -0.0110342 0.0079459697 2.03150994e-05 9.04280023e-06 2.03064992e-05 9.03883029e-06 0.00497550983 -0.00442040991 
10000 1.27409005 0 0.00315830996 -0.00829434022 -1.49772004e-05 3.23138993e-05 -1.49722e-05 3.23181994e-05 -0.00190062996 -0.00142352004 
10000 1.28281999 0 0.00720747979 -0.0029595301 -5.32783997e-05 2.70116998e-05 -5.32765007e-05 2.70149994e-05 -0.00176735001 0.00699127 
10000 1.29154003 0 -0.0114382003 0.00913693011 4.60627016e-05 -2.00381e-05 4.60619995e-05 -2.00359991e-05 0.00498093013 -0.00341785001 
10000 1.30026996 0 0.00286519993 -0.00742447004 5.81299992e-06 -3.21847983e-05 5.81578979e-06 -3.21914995e-05 -0.00311108003 -0.00371605996 
10000 1.30900002 0 0.0103396 -0.00376296998 -6.9523303e-05 -7.97470966e-06 -6.95257986e-05 -7.96427958e-06 -0.0030408001 0.00709882006 
10000 1.31772006 0 -0.0121178003 0.0113260001 6.6732202e-05 2.98920008e-06 6.67319982e-05 2.98758005e-06 0.00509617012 -0.00342215993 
10000 1.32644999 0 0.00138157001 -0.00701883994 5.30981015e-05 8.98140024e-06 5.31098995e-05 8.96167967e-06 -0.00297740009 -0.00597464992 
10000 1.33518004 0 0.0120219002 -0.00444451999 -0.000104603001 -3.53881001e-06 -0.000104600003 -3.54121994e-06 -0.00246395008 0.00777878985 
10000 1.34389997 0 -0.0135048004 0.0126010003 5.75263985e-05 -7.30039983e-06 5.75283011e-05 -7.28931991e-06 0.00505249016 -0.00220964989 
10000 1.35263002 0 0.00432439009 -0.00966227986 0.000114763003 4.03751001e-05 0.000114764 4.03749e-05 -0.00701536983 -0.0072876201 
10000 1.36135995 0 0.0158348009 -0.00409610011 -0.000211730003 5.05606004e-05 -0.000211726001 5.05540011e-05 -0.0025798399 0.00854108017 
10000 1.37007999 0 -0.0324717984 0.0217487998 -0.000200458002 -2.61369005e-05 -0.000200461 -2.61196001e-05 0.0209503993 -0.00379430992 
10000 1.37881005 0 -0.0209205002 -0.00674644997 0.000151625994 -3.24674002e-05 0.000151632994 -3.24546018e-05 0.0175592992 -0.0137250004 
10000 1.38753998 0 0.0191884004 -0.00513376994 0.000133288006 1.28639003e-05 0.000133295995 1.28708998e-05 0.00367183005 0.0117536997 
10000 1.39626002 0 -0.0178038999 0.0218870007 -5.21582988e-05 -1.19418e-05 -5.21572983e-05 -1.19491997e-05 -0.00348528009 0.00328545994 
10000 1.40498996 0 -0.0103586996 -0.0207876004 4.37719018e-06 -1.71872998e-05 4.37751987e-06 -1.71869997e-05 -0.00206499989 -0.0200915001 
10000 1.41372001 0 0.0357442982 -0.00939659961 1.76656995e-05 3.18232014e-05 1.76640006e-05 3.18208004e-05 0.0144007998 0.0139292004 
10000 1.42244005 0 -0.0230331998 0.0433475003 -4.76761015e-05 -5.05007984e-06 -4.76755013e-05 -5.0455601e-06 -0.00784058962 0.0205707997 
10000 1.43116999 0 -0.0339160003 -0.0343990996 3.27753005e-05 -3.39278013e-05 3.27769012e-05 -3.39293001e-05 -0.0268104002 -0.0363457017 
10000 1.43990004 0 0.0639467016 -0.0403352007 4.40084004e-05 3.75765012e-05 4.40071017e-05 3.75767013e-05 0.0423602015 -0.0125497999 
10000 1.44861996 0 0.0114962999 0.0929903984 -5.42810012e-05 2.44355997e-05 -5.42798989e-05 2.44423009e-05 0.0243651997 0.0659618974 
10000 1.45735002 0 -0.105152003 0.00557975005 -2.22576e-05 -6.10401985e-05 -2.22622002e-05 -6.10405987e-05 -0.0993034989 0.000159019997 
10000 1.46607995 0 0.0105093 -0.147864997 7.53904969e-05 -1.01532996e-05 7.53913992e-05 -1.01575997e-05 -0.00131119997 -0.110495001 
10000 1.47479999 0 0.150784001 0.0236568004 2.90472999e-05 5.31471997e-05 2.90482003e-05 5.31484002e-05 0.164351001 0.000704476028 
10000 1.48353004 0 0.00877346005 0.184446007 -6.57268029e-05 9.32851981e-06 -6.57249984e-05 9.32867988e-06 -0.00156447 0.170565993 
10000 1.49225998 0 -0.189337 0.0267843008 -1.63375007e-05 -1.78751998e-05 -1.63328004e-05 -1.78694008e-05 -0.193810999 0.0560504012 
10000 1.50098002 0 -0.116889998 -0.152926996 5.85320995e-05 -2.08000001e-05 5.85197995e-05 -2.07949997e-05 -0.0849146023 -0.172400996 
10000 1.50970995 0 0.0994232967 -0.170710996 3.56444002e-06 -2.42160004e-05 3.56739997e-06 -2.42321003e-05 0.0702083036 -0.168578997 
10000 1.51844001 0 0.182185993 -0.0660874024 -2.37927998e-05 1.58687999e-05 -2.37779004e-05 1.58775001e-05 0.169175997 -0.0364292003 
10000 1.52716005 0 0.163144007 0.102984004 -1.64740004e-06 6.12770009e-06 -1.64491996e-06 6.1349001e-06 0.213843003 0.066965498 
10000 1.53588998 0 0.131169006 0.181676 -6.13533994e-05 -1.52358998e-05 -6.13545999e-05 -1.52441999e-05 0.0739196986 0.191339999 
10000 1.54462004 0 -0.0092091402 0.200319007 -1.02746999e-05 4.85357996e-05 -1.02785998e-05 4.85372002e-05 -0.0159345996 0.224556997 
10000 1.55333996 0 -0.126600996 0.230442002 0.000114777999 1.74423003e-05 0.000114777002 1.74445995e-05 0.00927019026 0.157826006 
10000 1.56207001 0 0.0265117008 0.112667002 1.06090001e-05 -6.79846999e-05 1.06120997e-05 -6.79902005e-05 -0.230168998 0.243230999 
10000 1.57079995 0 0.180601999 -0.0143796001 -7.57089001e-05 9.38658013e-06 -7.57086964e-05 9.38721041e-06 -0.45985499 0.358925998 
