1000 0 0 0.00522704981 0.0216157995 -2.37187996e-05 -2.07125995e-05 -2.37084005e-05 -2.06963996e-05 0.00680590002 0.0189219005 
1000 0.0174499992 0 0.00529201981 0.0215841997 -2.94913007e-05 -2.46382006e-05 -2.94810998e-05 -2.46228992e-05 0.0067076101 0.0189650003 
1000 0.0349100009 0 0.00543490984 0.0214795005 -3.46693996e-05 -2.76265e-05 -3.46593988e-05 -2.76119008e-05 0.00663036993 0.0190421008 
1000 0.0523599982 0 0.00545680011 0.0214521997 -3.97211006e-05 -3.13191013e-05 -3.97110998e-05 -3.13050004e-05 0.00653688004 0.0190961994 
1000 0.069810003 0 0.00537574012 0.0214668997 -4.95068016e-05 -2.80836994e-05 -4.94931992e-05 -2.80716995e-05 0.00653121993 0.0191200003 
1000 0.0872699991 0 0.00552962022 0.0213766992 -4.59816001e-05 -3.22494998e-05 -4.59717994e-05 -3.22361011e-05 0.00647146022 0.0191709008 
1000 0.104719996 0 0.00556728989 0.0213048998 -4.83418007e-05 -3.27798007e-05 -4.8332e-05 -3.27669004e-05 0.00639180001 0.0192607995 
1000 0.122170001 0 0.0056237001 0.0212341007 -5.03055999e-05 -3.23353997e-05 -5.0295901e-05 -3.23226996e-05 0.00636880007 0.0193220004 
1000 0.139630005 0 0.00567142991 0.0211737007 -5.16692016e-05 -3.19171995e-05 -5.16596992e-05 -3.19050014e-05 0.00634980993 0.0193665996 
1000 0.157079995 0 0.00574393012 0.0210570004 -5.32847989e-05 -3.33950993e-05 -5.32755002e-05 -3.33833996e-05 0.00622791983 0.0195039008 
1000 0.174529999 0 0.00574243022 0.0210570004 -5.40772016e-05 -3.30024013e-05 -5.40680012e-05 -3.29911018e-05 0.00616479013 0.0195339993 
1000 0.191990003 0 0.00585601013 0.0209307 -5.3789201e-05 -3.12818993e-05 -5.37800988e-05 -3.12707998e-05 0.00617376994 0.0196030997 
1000 0.209439993 0 0.00583975017 0.0208333991 -5.30588986e-05 -2.99465992e-05 -5.30500984e-05 -2.99358999e-05 0.00613811007 0.0197254997 
1000 0.226889998 0 0.00577575993 0.0208877996 -5.2723899e-05 -2.91288998e-05 -5.27152006e-05 -2.91186007e-05 0.00607617013 0.0197659992 
1000 0.244350001 0 0.00590161001 0.0207729992 -5.07133991e-05 -2.57823995e-05 -5.07049008e-05 -2.57725005e-05 0.00602702005 0.0198544003 
1000 0.261799991 0 0.00595739996 0.0206809007 -5.07315999e-05 -2.75102993e-05 -5.07231998e-05 -2.75007005e-05 0.00603237981 0.0198750999 
1000 0.279249996 0 0.00595744001 0.0206147004 -4.78877992e-05 -2.38974008e-05 -4.7879701e-05 -2.38883003e-05 0.00604791986 0.0199315008 
1000 0.296710014 0 0.00587987015 0.0206361003 -4.62532007e-05 -2.26719003e-05 -4.6245299e-05 -2.2663e-05 0.00596356997 0.0199848004 
1000 0.314159989 0 0.00605029985 0.0205125995 -4.41109005e-05 -2.14943993e-05 -4.41031989e-05 -2.14859992e-05 0.00600137003 0.0200165007 
1000 0.331609994 0 0.00601744 0.0204821005 -4.16037001e-05 -2.06845998e-05 -4.15961986e-05 -2.06764998e-05 0.00588828977 0.0201248005 
1000 0.349070013 0 0.00596251013 0.0204876997 -3.79865996e-05 -1.61143998e-05 -3.79792982e-05 -1.61067001e-05 0.00595739018 0.0201057997 
1000 0.366519988 0 0.00591431977 0.0204418004 -3.36463017e-05 -1.19355e-05 -3.36392004e-05 -1.19281003e-05 0.00594992004 0.0201703999 
1000 0.383969992 0 0.00609369017 0.0203517005 -3.64494008e-05 -1.65634992e-05 -3.64424995e-05 -1.65564998e-05 0.00598121993 0.0201808996 
1000 0.401430011 0 0.00607847003 0.0203843005 -2.88097999e-05 -1.17126001e-05 -2.88033007e-05 -1.17062e-05 0.00590860005 0.0202095993 
1000 0.418879986 0 0.00580753991 0.0204198994 -2.52223999e-05 -1.05044001e-05 -2.52160007e-05 -1.04981e-05 0.00581846014 0.0203268006 
1000 0.436329991 0 0.00595181994 0.0203850009 -1.99832994e-05 -3.35143e-06 -1.99771002e-05 -3.34543006e-06 0.00598355988 0.0202498008 
1000 0.453790009 0 0.00621357001 0.0202820003 -1.58541006e-05 -2.03507011e-06 -1.58479997e-05 -2.02940009e-06 0.00604940997 0.0202284995 
1000 0.471240014 0 0.00622129999 0.0202715993 -1.35887003e-05 -4.03816011e-06 -1.35829996e-05 -4.03291006e-06 0.00605475996 0.0202194992 
1000 0.488689989 0 0.00605006982 0.0203166995 -1.05609997e-05 -3.23358995e-06 -1.05555e-05 -3.22876008e-06 0.00597363012 0.0202425998 
1000 0.506150007 0 0.00572934002 0.0204520002 -5.0809299e-06 -8.78490027e-07 -5.07553978e-06 -8.73782994e-07 0.00591352023 0.0202607997 
1000 0.523599982 0 0.00616060011 0.0203172993 2.34734003e-07 5.26596978e-06 2.39971996e-07 5.27042994e-06 0.0058776401 0.0202117991 
1000 0.541050017 0 0.00615875982 0.0203303993 5.87606019e-06 8.2291599e-06 5.88104012e-06 8.23320988e-06 0.00592500996 0.0201951005 
1000 0.558510005 0 0.00601640996 0.0204092003 9.23895004e-06 8.50050037e-06 9.24367032e-06 8.50413016e-06 0.00578184007 0.0202181004 
1000 0.57595998 0 0.00580637017 0.0205559991 1.29966002e-05 1.00994002e-05 1.30011003e-05 1.01026999e-05 0.00590239 0.0201114006 
1000 0.593410015 0 0.00605105003 0.0205029007 1.84878008e-05 1.23487998e-05 1.84920991e-05 1.23518003e-05 0.00589683978 0.0200673994 
1000 0.610870004 0 0.00608546985 0.0205514003 2.26850007e-05 1.48803001e-05 2.26891007e-05 1.48830004e-05 0.00592479017 0.0200002007 
1000 0.628319979 0 0.00626662001 0.0204677004 2.82544006e-05 1.63818004e-05 2.82583005e-05 1.63841996e-05 0.00584643008 0.0200315006 
1000 0.645770013 0 0.00577186001 0.0207860991 3.24915018e-05 1.85501995e-05 3.24950997e-05 1.85522003e-05 0.00601091981 0.0198535006 
1000 0.663230002 0 0.00581789017 0.0208516996 3.65742017e-05 1.99611004e-05 3.65777014e-05 1.99626993e-05 0.0062087602 0.0196889006 
1000 0.680679977 0 0.00595297012 0.0208657999 4.09157983e-05 2.11307997e-05 4.09189997e-05 2.11322003e-05 0.00603620987 0.0196912009 
1000 0.698130012 0 0.00593020022 0.0209257994 4.59430994e-05 2.45746996e-05 4.5946199e-05 2.45758001e-05 0.00616835011 0.0195778999 
1000 0.715579987 0 0.0055898698 0.0211800002 5.04794007e-05 2.70129003e-05 5.04821983e-05 2.70136006e-05 0.00611873018 0.0194908995 
1000 0.733039975 0 0.00575888995 0.0212098006 5.29475001e-05 2.50856992e-05 5.29503013e-05 2.50861995e-05 0.00626158994 0.0193329006 
1000 0.75049001 0 0.00575535977 0.0213131998 5.82393986e-05 2.94925994e-05 5.82419016e-05 2.94925994e-05 0.00627900008 0.0192293003 
1000 0.767939985 0 0.0056719901 0.0214041006 6.84355036e-05 2.75084003e-05 6.8437701e-05 2.75081002e-05 0.00640310999 0.0191105995 
1000 0.785399973 0 0.00534838997 0.0216828994 6.56772972e-05 3.31509e-05 6.56792981e-05 3.31500996e-05 0.00641606981 0.0189644992 
1000 0.802850008 0 0.00551933981 0.0217257999 6.6782799e-05 4.72317988e-05 6.67846034e-05 4.72305983e-05 0.00659024017 0.0187797993 
1000 0.820299983 0 0.00542896986 0.0218717996 7.0537797e-05 3.30379989e-05 7.05394996e-05 3.30365983e-05 0.00668211002 0.0186417997 
1000 0.837759972 0 0.00527320988 0.0220403001 7.36458023e-05 3.51060007e-05 7.36471993e-05 3.51041017e-05 0.00674328022 0.0184978005 
1000 0.855210006 0 0.00493639987 0.0223153997 7.54879002e-05 3.61927996e-05 7.54891007e-05 3.61903985e-05 0.00685002003 0.0183249991 
1000 0.872659981 0 0.00505428994 0.0223858003 7.32652989e-05 2.08359997e-05 7.32664994e-05 2.08332003e-05 0.00699057989 0.0181489997 
1000 0.890120029 0 0.00489107985 0.0225374997 7.65676014e-05 3.4996101e-05 7.65685036e-05 3.49926995e-05 0.00720917992 0.0179823004 
1000 0.907570004 0 0.0048655998 0.0226745997 7.68684986e-05 3.39010985e-05 7.68691971e-05 3.38971986e-05 0.00723084016 0.0178286005 
1000 0.925019979 0 0.00434113014 0.0230353996 7.58695969e-05 3.21408006e-05 7.58702008e-05 3.21363004e-05 0.00748794992 0.0176106002 
1000 0.942480028 0 0.00438348996 0.0231100991 7.36115981e-05 2.88759002e-05 7.36121001e-05 2.88707997e-05 0.00766040012 0.0174548998 
1000 0.959930003 0 0.00426346995 0.0232474003 7.07244981e-05 2.52671998e-05 7.07248983e-05 2.52614009e-05 0.0078681102 0.0172531996 
1000 0.977379978 0 0.00378557993 0.0235289 6.60348014e-05 1.89968996e-05 6.6035398e-05 1.89909006e-05 0.00801876001 0.0171004999 
1000 0.994840026 0 0.0037018999 0.0235888008 5.94863013e-05 8.71227985e-06 5.94886988e-05 8.70967961e-06 0.00818262994 0.0170098003 
1000 1.01229 0 0.00356643996 0.0237320997 5.17836997e-05 -1.26544001e-06 5.17894005e-05 -1.26371003e-06 0.00853233039 0.0167725999 
1000 1.02973998 0 0.00379443006 0.0236294996 4.53206994e-05 -7.02533998e-06 4.53389985e-05 -6.99846987e-06 0.00831275992 0.0168696996 
1000 1.04719996 0 0.00365492003 0.0236425996 4.15044015e-05 -1.12008001e-05 4.15182985e-05 -1.11847003e-05 0.0081521403 0.0169974994 
1000 1.06465006 0 0.00414231 0.0233688001 3.84617997e-05 -1.23241998e-05 3.84753985e-05 -1.23099999e-05 0.00798572972 0.0171246007 
1000 1.08210003 0 0.00433761021 0.0232053995 3.62091014e-05 -1.18702001e-05 3.62229985e-05 -1.18561002e-05 0.00779504003 0.0172952004 
1000 1.09956002 0 0.0044800099 0.0230273008 3.36029007e-05 -1.23038999e-05 3.36166995e-05 -1.22904003e-05 0.00760828983 0.0174823999 
1000 1.11701 0 0.00435884017 0.0229144003 3.13224991e-05 -1.23328e-05 3.13367018e-05 -1.23192003e-05 0.00740735 0.0177301001 
1000 1.13445997 0 0.00485472009 0.0226461999 2.93426001e-05 -1.12973003e-05 2.93569992e-05 -1.12834996e-05 0.00728916004 0.0178452004 
1000 1.15191996 0 0.00499757985 0.0224709995 2.72775997e-05 -1.08460999e-05 2.72920006e-05 -1.08329004e-05 0.00712971017 0.0180322006 
1000 1.16937006 0 0.00505750999 0.0223159995 2.47789994e-05 -1.11349e-05 2.47935004e-05 -1.11217996e-05 0.00695331022 0.0182250999 
1000 1.18682003 0 0.00488957996 0.0222449992 2.32479997e-05 -9.53472045e-06 2.32629009e-05 -9.52112987e-06 0.00689588999 0.0183889996 
1000 1.20428002 0 0.00529455999 0.0219753999 2.14841002e-05 -8.51130972e-06 2.14992997e-05 -8.49745993e-06 0.00677576987 0.0185527001 
1000 1.22172999 0 0.00538979983 0.0217828993 1.92314001e-05 -9.7846596e-06 1.92464995e-05 -9.77124e-06 0.00672311988 0.0187356994 
1000 1.23917997 0 0.00550164003 0.0216390993 1.69327996e-05 -8.62216984e-06 1.69479008e-05 -8.60898035e-06 0.00652142987 0.0188969001 
1000 1.25663996 0 0.0053036199 0.0216090009 1.53484998e-05 -7.41208987e-06 1.53639994e-05 -7.3982601e-06 0.00645653019 0.0190379005 
1000 1.27409005 0 0.00554472022 0.0214240998 1.34423999e-05 -7.08481002e-06 1.34580996e-05 -7.0709998e-06 0.00652131997 0.0191037003 
1000 1.29154003 0 0.00565638999 0.0212357994 1.17215995e-05 -6.40971984e-06 1.17373002e-05 -6.39598011e-06 0.00632630009 0.0193342995 
1000 1.30900002 0 0.00575509015 0.0211194009 9.75616967e-06 -6.36480991e-06 9.77183026e-06 -6.35130982e-06 0.00626455015 0.0194212999 
1000 1.32644999 0 0.00558390003 0.0210858993 8.29405963e-06 -5.63469985e-06 8.31008037e-06 -5.62059995e-06 0.00620655017 0.0195487998 
1000 1.34389997 0 0.00582478009 0.0209174007 7.1679201e-06 -4.36482014e-06 7.18409001e-06 -4.35063021e-06 0.00617069984 0.0196416005 
1000 1.36135995 0 0.00582747022 0.0208049994 5.79178004e-06 -3.96685982e-06 5.80795995e-06 -3.95283996e-06 0.00616469979 0.0197631009 
1000 1.37881005 0 0.00588227995 0.0207284 4.85991995e-06 -2.81234998e-06 4.87611987e-06 -2.79850997e-06 0.00610778993 0.0198245998 
1000 1.39626002 0 0.00571952015 0.0207125004 3.2149801e-06 -3.33055004e-06 3.23138011e-06 -3.31638989e-06 0.00605640979 0.0199279003 
1000 1.41372001 0 0.00600107014 0.0205540005 2.6293601e-06 -2.00661998e-06 2.64599998e-06 -1.9920999e-06 0.00607154006 0.0199765004 
1000 1.43116999 0 0.00597001007 0.0205012001 1.71267004e-06 -1.51173003e-06 1.72929003e-06 -1.49735001e-06 0.00598795991 0.0200810991 
1000 1.44861996 0 0.00587157998 0.0205188002 5.75552986e-06 -3.23518998e-06 5.77335004e-06 -3.22180995e-06 0.00606859988 0.0200612992 
1000 1.46607995 0 0.00575857982 0.0204726998 2.98000003e-07 -5.20088975e-07 3.1463199e-07 -5.05874993e-07 0.0059958701 0.0201782007 
1000 1.48353004 0 0.00601781998 0.0203677993 -2.25882999e-07 -1.19657997e-07 -2.09115996e-07 -1.05261996e-07 0.0060521001 0.0201661997 
1000 1.50098002 0 0.00605288008 0.0203197002 -9.3348001e-07 3.3432201e-07 -9.16549027e-07 3.49016005e-07 0.00598481018 0.0202316009 
1000 1.51844001 0 0.00594870979 0.0203309003 -9.3036499e-07 3.85911989e-07 -9.13432984e-07 4.00576994e-07 0.00593772996 0.0202737991 
1000 1.53588998 0 0.00570830004 0.0204227008 -1.18949004e-06 5.61124978e-07 -1.17264995e-06 5.75565025e-07 0.00600175979 0.0202453006 
1000 1.55333996 0 0.00612427015 0.0202363003 -1.32238995e-06 7.80273979e-07 -1.30550995e-06 7.9473898e-07 0.00612930022 0.0202345997 
1000 1.57079995 0 0.00612659007 0.0202443991 -1.41144994e-06 8.39702011e-07 -1.39455994e-06 8.54157975e-07 0.0061278902 0.0202440992 
