1000 0 0 0.503947973 -0.0149625 -0.00126136001 -0.000424369005 -0.00125067995 -0.000405700004 0.502928972 -0.0160738006 
1000 0.0174499992 0 0.503803015 -0.0155253001 -0.00128076004 -0.000213627005 -0.00126886996 -0.000200672002 0.502708018 -0.0157816 
1000 0.0349100009 0 0.503090024 -0.0150806997 -0.00112580997 -3.10192008e-05 -0.00111453002 -2.13325002e-05 0.501935005 -0.0169927999 
1000 0.0523599982 0 0.50505197 -0.0140556004 -0.00107534998 0.000207012999 -0.00106537004 0.000215138003 0.501622975 -0.0168740992 
1000 0.069810003 0 0.504279017 -0.0143165998 -0.000889207993 0.000153251007 -0.000880446984 0.000159995994 0.502328992 -0.0169427004 
1000 0.0872699991 0 0.503584027 -0.0150832999 -0.000725104997 0.000188022997 -0.000717342016 0.000194149005 0.50227499 -0.0164398998 
1000 0.104719996 0 0.504164994 -0.0152991004 -0.000594009995 0.000155129004 -0.000586965994 0.000160630007 0.502211988 -0.0162761007 
1000 0.122170001 0 0.503603995 -0.0153408004 -0.000430796004 -2.29292e-05 -0.000424505008 -1.74952002e-05 0.502122998 -0.0158546995 
1000 0.139630005 0 0.501410007 -0.0160523001 -0.000443077006 -0.000150177002 -0.000437379989 -0.000144920006 0.502065003 -0.0163247995 
1000 0.157079995 0 0.503742993 -0.0155210001 -0.000364606996 -0.000287016999 -0.000359277008 -0.000282071007 0.502138972 -0.0159967002 
1000 0.174529999 0 0.502568007 -0.0167596005 -0.000460942014 -0.000442004995 -0.000455909991 -0.000437489012 0.502200007 -0.0165707003 
1000 0.191990003 0 0.50276202 -0.0158415996 -0.000648365996 -0.000335741002 -0.000643622014 -0.000331502 0.501658976 -0.0162306 
1000 0.209439993 0 0.503337979 -0.0155456001 -0.000544050999 -0.000252130994 -0.000539509987 -0.000248074997 0.500990987 -0.0156798009 
1000 0.226889998 0 0.505196989 -0.0144849997 -0.000690629997 -9.99389013e-05 -0.000686059007 -9.62587001e-05 0.501263976 -0.0126342997 
1000 0.244350001 0 0.504212976 -0.0171643998 -0.000612901 -7.92713981e-05 -0.00060828001 -7.61412011e-05 0.500277996 -0.0146712996 
1000 0.261799991 0 0.503256023 -0.0166107994 -0.000453757995 0.000148976993 -0.000449053012 0.000151512999 0.501378 -0.0148029998 
1000 0.279249996 0 0.500618994 -0.0178731997 -0.000386366009 0.000326064008 -0.000381724996 0.000328096998 0.502907991 -0.0146166999 
1000 0.296710014 0 0.501954973 -0.0154098999 -0.000179537994 0.000162691998 -0.000175267007 0.000164354002 0.502718985 -0.0156071 
1000 0.314159989 0 0.499633014 -0.0156912003 -0.000170647007 2.16808003e-05 -0.000166771002 2.28662993e-05 0.502826989 -0.0166216008 
1000 0.331609994 0 0.501565993 -0.0126465 -0.000193290995 -0.000165403995 -0.000189989994 -0.000164566998 0.502930999 -0.0185122993 
1000 0.349070013 0 0.500339985 -0.0136946002 -0.000310717005 -0.000411401008 -0.000308176997 -0.000410264009 0.502529025 -0.0186209995 
1000 0.366519988 0 0.502353013 -0.0119728995 -0.00054326799 -0.000441946002 -0.000541282003 -0.000440798001 0.50188297 -0.0187884998 
1000 0.383969992 0 0.504939973 -0.0133084003 -0.000525686017 -0.000449463987 -0.000524168019 -0.000447720988 0.500463009 -0.0180486999 
1000 0.401430011 0 0.503380001 -0.0141714001 -0.000553298974 -0.000351505994 -0.000551906996 -0.000349536014 0.50108099 -0.0178001001 
1000 0.418879986 0 0.506006002 -0.0132916998 -0.000525941025 -0.000152381006 -0.000524655974 -0.000150074004 0.500052989 -0.0168990996 
1000 0.436329991 0 0.502996981 -0.0157056004 -6.18541017e-05 -0.000228236997 -6.02196997e-05 -0.000226438002 0.500566006 -0.0169792008 
1000 0.453790009 0 0.504194021 -0.0156405997 -4.44780017e-05 0.000373960997 -4.29751017e-05 0.000376193988 0.500012994 -0.0141203003 
1000 0.471240014 0 0.503306985 -0.0133175999 0.000688733999 -0.000543278002 0.000690563 -0.000541861984 0.501267016 -0.0131521998 
1000 0.488689989 0 0.503174007 -0.0169242006 0.000874314981 -0.000424624013 0.000875687983 -0.000423577003 0.500428975 -0.0167424995 
1000 0.506150007 0 0.502699971 -0.0143579002 0.000616359001 -0.000232131002 0.000617843994 -0.000231829996 0.500455022 -0.0171962995 
1000 0.523599982 0 0.504145026 -0.0156481992 0.000673895993 -0.000391932001 0.000675078016 -0.00039224801 0.499684006 -0.0170210004 
1000 0.541050017 0 0.50394398 -0.0137569001 0.000483378011 -0.000318323 0.000484057993 -0.000318670995 0.500361025 -0.0163927991 
1000 0.558510005 0 0.506462991 -0.0154796001 0.000175028996 -6.42523009e-05 0.000175348003 -6.4682099e-05 0.497370005 -0.0165458992 
1000 0.57595998 0 0.504633009 -0.0148612997 4.72661013e-05 5.22429982e-05 4.72766005e-05 5.17799017e-05 0.49950099 -0.0158728007 
1000 0.593410015 0 0.508719981 -0.0162365995 -0.000133171998 0.000296629994 -0.000133455993 0.000296226004 0.498178989 -0.0150416996 
1000 0.610870004 0 0.504119992 -0.0153070996 -0.000177659997 0.000547623029 -0.000178001006 0.000547132979 0.500548005 -0.0150034996 
1000 0.628319979 0 0.506591022 -0.0176710002 0.000120056997 0.000705190003 0.000119659002 0.00070460001 0.499893993 -0.0146068996 
1000 0.645770013 0 0.502497971 -0.0149977002 0.000302355998 0.000606280984 0.00030198801 0.000605567999 0.501833022 -0.0152228996 
1000 0.663230002 0 0.505306005 -0.0177388992 0.000642216008 0.000512561004 0.000641871011 0.000511816994 0.502786994 -0.0139204999 
1000 0.680679977 0 0.501604021 -0.0143604996 0.000618064019 0.000617934973 0.000617791025 0.000616798992 0.502707005 -0.0157162007 
1000 0.698130012 0 0.501204014 -0.0184982009 0.00076649402 0.000414587004 0.000766190002 0.000413205009 0.501213014 -0.0152925001 
1000 0.715579987 0 0.502116978 -0.0140375001 0.000730537984 0.000483420008 0.000730046013 0.000482064992 0.500862002 -0.0168912001 
1000 0.733039975 0 0.500720024 -0.0175355002 0.000549925026 0.000480212009 0.000549259013 0.000478550995 0.500716984 -0.0160204004 
1000 0.75049001 0 0.503185987 -0.0134218 0.000387701002 0.000405052997 0.00038661799 0.000403293001 0.501563013 -0.0158634 
1000 0.767939985 0 0.501429021 -0.0172127001 1.81582e-05 0.000409538014 1.69320992e-05 0.000407590007 0.500451982 -0.0160755999 
1000 0.785399973 0 0.503558993 -0.0133880004 -0.000233173007 0.00057757902 -0.000234974999 0.000575230981 0.500961006 -0.0160838999 
1000 0.802850008 0 0.501115978 -0.0165350009 -0.000459817005 0.000596272002 -0.000462041993 0.000593753008 0.501316011 -0.0163170993 
1000 0.820299983 0 0.503597021 -0.0129776997 -0.000407451997 0.00056043698 -0.000410170003 0.000557527004 0.502156019 -0.0155082 
1000 0.837759972 0 0.499377012 -0.0165481009 -0.000463462988 0.000568135991 -0.000466286991 0.000564615009 0.502637982 -0.0158970002 
1000 0.855210006 0 0.501296997 -0.0129666002 -0.000483181997 0.000642189989 -0.000486142002 0.000638563011 0.503911972 -0.0156334992 
1000 0.872659981 0 0.498706996 -0.0171342995 -0.000381085003 0.000666096981 -0.00038461099 0.000661470986 0.502816975 -0.0155662997 
1000 0.890120029 0 0.501549006 -0.0131543996 -0.000326640002 0.000599472027 -0.000330359006 0.000593719014 0.503904998 -0.0154363997 
1000 0.907570004 0 0.502301991 -0.0177271999 5.21508009e-05 0.000628572016 4.74082008e-05 0.000621986983 0.502206028 -0.0142301004 
1000 0.925019979 0 0.503048003 -0.0135471998 0.000217199005 0.000573956 0.000211302002 0.000565966999 0.502710998 -0.0152597995 
1000 0.942480028 0 0.507166028 -0.0147815002 0.000303245004 0.000554143975 0.00029668599 0.000543005008 0.50099498 -0.0157065 
1000 0.959930003 0 0.504051983 -0.0128352996 0.000269753014 0.000504211988 0.000262643007 0.000488665013 0.500922978 -0.0163611993 
1000 0.977379978 0 0.504544973 -0.0121948002 0.00030307399 0.00045019199 0.00029700101 0.000427679013 0.500522971 -0.0173301008 
1000 0.994840026 0 0.508679986 -0.0120628998 -0.000139615993 0.000491179992 -0.000140203003 0.000457818998 0.498867005 -0.0177765004 
1000 1.01229 0 0.502197027 -0.00860724039 -0.000397781987 -0.000411449 -0.000399403012 -0.000421901001 0.504260004 -0.0205774996 
1000 1.02973998 0 0.502200007 -0.0121314004 -0.000778038986 -0.00046146501 -0.000793174026 -0.000412703987 0.500688016 -0.0196841992 
1000 1.04719996 0 0.506192982 -0.0100678997 -0.000752563996 0.000319915009 -0.000747621991 0.000348019006 0.499347001 -0.0184436999 
1000 1.06465006 0 0.504415989 -0.0158952996 -0.000624443986 0.000879628002 -0.000615826983 0.000899531995 0.498131007 -0.0169955008 
1000 1.08210003 0 0.505972981 -0.0131831001 -0.000535902975 0.00113932998 -0.000525993004 0.00115496002 0.499918997 -0.0151097002 
1000 1.09956002 0 0.501936018 -0.0176756997 -0.000461791991 0.00137094001 -0.000451805012 0.00138322997 0.500451982 -0.0147638004 
1000 1.11701 0 0.503232002 -0.014072 -0.000438471994 0.00132478995 -0.000428197993 0.00133461005 0.502515972 -0.0149071002 
1000 1.13445997 0 0.500725985 -0.0182951 -0.00040284 0.00113945 -0.000393297989 0.00114691001 0.503041983 -0.0143034998 
1000 1.15191996 0 0.500940979 -0.0134065002 -0.000512785977 0.000715863018 -0.000503583986 0.000721092976 0.504611015 -0.0151105998 
1000 1.16937006 0 0.502404988 -0.0174837001 -0.00070949801 0.000362227001 -0.000702072983 0.000366288994 0.502624989 -0.0149929002 
1000 1.18682003 0 0.501559973 -0.0133616002 -0.000829969009 0.000129672 -0.000823393988 0.000132485002 0.503821015 -0.0155549003 
1000 1.20428002 0 0.504794002 -0.0166030005 -0.000861548004 2.18962996e-05 -0.000856479979 2.50695994e-05 0.500850976 -0.0138382996 
1000 1.22172999 0 0.503021002 -0.0140728997 -0.000631855975 0.000156533002 -0.000626816996 0.000159841002 0.502267003 -0.0146743003 
1000 1.23917997 0 0.506851971 -0.0181307998 -0.000226164993 0.000369352987 -0.000221636001 0.000373566989 0.501468003 -0.0130527997 
1000 1.25663996 0 0.502987027 -0.0150972996 0.000362530991 0.000508792989 0.000368159002 0.000512403029 0.50227499 -0.0142179998 
1000 1.27409005 0 0.50565201 -0.0187391005 0.000925389992 0.000608182978 0.000930855982 0.000612085976 0.502269983 -0.0128472 
1000 1.29154003 0 0.501387 -0.0135332998 0.00120665005 0.000485193013 0.00121285999 0.000487982004 0.502017021 -0.0140904998 
1000 1.30900002 0 0.502689004 -0.0190593991 0.00120665005 0.000450032996 0.00121182995 0.000452515 0.501625001 -0.0141725997 
1000 1.32644999 0 0.501146019 -0.0140040005 0.000841566012 0.00033669101 0.000846639974 0.00033853401 0.502830982 -0.0161067005 
1000 1.34389997 0 0.500181973 -0.0186144002 0.000297007995 0.000318197999 0.000300787011 0.000320087012 0.501950026 -0.0155718997 
1000 1.36135995 0 0.501838028 -0.0140711004 -0.000213770007 0.000363328989 -0.000210355007 0.000365457992 0.503426015 -0.0156858005 
1000 1.37881005 0 0.499924004 -0.0188510008 -0.000530762016 0.000475192996 -0.000528082019 0.000477624009 0.502436996 -0.0152861001 
1000 1.39626002 0 0.501542985 -0.0151583999 -0.000335243996 0.00053738401 -0.000332227995 0.000540198002 0.502653003 -0.0148925995 
1000 1.41372001 0 0.50048703 -0.0195406992 9.23732005e-05 0.000296418992 9.55872965e-05 0.00029899599 0.501857996 -0.0143668996 
1000 1.43116999 0 0.502254009 -0.0151257999 0.000634422002 -0.000104881998 0.000638420985 -0.000102468999 0.501415014 -0.0151040005 
1000 1.44861996 0 0.501599014 -0.0192133002 0.00125923997 -0.000457585003 0.00126340997 -0.000455686997 0.500720024 -0.0146909002 
1000 1.46607995 0 0.503305018 -0.0150394998 0.00150368002 -0.000832231017 0.00150829996 -0.000830543984 0.500707984 -0.0149180004 
1000 1.48353004 0 0.502879024 -0.0177852996 0.00151547999 -0.00103178003 0.00151980005 -0.00103041995 0.500467002 -0.0153735997 
1000 1.50098002 0 0.502222002 -0.0140946005 0.00124983001 -0.000940520025 0.00125384994 -0.000938436016 0.500238001 -0.0163179003 
1000 1.51844001 0 0.501752973 -0.0176365003 0.000851587974 -0.000726555998 0.000855288992 -0.000724638987 0.50108403 -0.0158600006 
1000 1.53588998 0 0.502452016 -0.0133004999 0.000332681986 -0.000384481013 0.000335616991 -0.000381182996 0.502052009 -0.0162358992 
1000 1.55333996 0 0.500436008 -0.0191943999 7.85425e-05 -2.44246003e-05 8.1265498e-05 -2.12592004e-05 0.501839995 -0.0155223999 
1000 1.57079995 0 0.502538979 -0.0124548003 -7.22544019e-06 8.79335039e-06 -4.28138992e-06 1.29057998e-05 0.502537012 -0.0124698998 
